20727580.632483024 3656192.895917946
20727580.627381761 3656192.894060663
20727580.630718525 3656192.899410798
20727580.631997511 3656192.898034335
20727580.630026191 3656192.896323564
20727580.576603144 3656192.903744545
20727580.581860002 3656192.902922761
20727580.582638055 3656192.904328373
20727580.579169676 3656192.906005639
20727580.587059185 3656192.905263345
20727580.578563545 3656192.903234922
20727580.573181033 3656192.903424754
20727580.579870902 3656192.904671298
20727580.579226639 3656192.908930146
20727580.579559185 3656192.906014662
20727580.578567024 3656192.905103622
20727580.580966670 3656192.904474668
20727580.575703379 3656192.910957663
20727580.571186256 3656192.906764261
20727580.573448468 3656192.903319941
20727580.576679815 3656192.905818452
20727580.574764501 3656192.903035909
20727580.575559471 3656192.906403038
20727580.579648007 3656192.908236862
20727580.583525117 3656192.903719883
20727580.579964705 3656192.906005556
20727580.522096965 3656192.913508584
20727580.526716199 3656192.913967114
20727580.529272348 3656192.912638740
20727580.523621220 3656192.911638274
20727580.530908275 3656192.918060482
20727580.528593984 3656192.913659091
20727580.531130686 3656192.917880621
20727580.528659672 3656192.916879819
20727580.527703382 3656192.915766097
20727580.525017560 3656192.915962894
20727580.518103138 3656192.914988665
20727580.525931612 3656192.914189454
20727580.530923966 3656192.916710258
20727580.523338784 3656192.917774122
20727580.524005260 3656192.915920943
20727580.521061156 3656192.916500283
20727580.520164784 3656192.910781154
20727580.531736508 3656192.913935403
20727580.530594967 3656192.912743384
20727580.497160368 3656192.919332325
20727580.488046117 3656192.918436645
20727580.482660323 3656192.924824297
20727580.486522168 3656192.927022893
