21395659.402052704 3417721.159037050


21395659.402396649 3417721.159976250


21395659.402416565 3417721.160382649


21395659.402599484 3417721.161157088


21395659.401550945 3417721.159892106


21395659.401035275 3417721.159324218


21395659.401035275 3417721.159324218


21395659.399014506 3417721.148291986


21395659.398951877 3417721.146777109


21395659.397374343 3417721.148474350


21395659.397934806 3417721.147101236


21395659.398577042 3417721.149201858


21395659.398312215 3417721.149832821


21395659.399340343 3417721.149009582


21395659.398216527 3417721.151460133


21395659.398646537 3417721.151418967


21395659.398970250 3417721.150288428


21395659.399435215 3417721.150561107


21395659.396912090 3417721.148478867


21395659.396160759 3417721.148264432


21395659.397206049 3417721.149196775


21395659.398708042 3417721.147925348


21395659.400583506 3417721.147352573


21395659.401371595 3417721.148065652


21395659.398677606 3417721.148073500


21395659.398458604 3417721.148500716


21395659.399227727 3417721.147273416


21395659.398853529 3417721.146500846


21395659.397489894 3417721.148879814


21395659.399439413 3417721.149359763


21395659.398530848 3417721.149368643


21395659.399815105 3417721.148653793


21395659.400080480 3417721.148078270


21395659.400289502 3417721.148261043


21395659.399263356 3417721.149287558


21395659.399177290 3417721.150267923


21395659.398730077 3417721.150179887


21395659.398304582 3417721.150683047


21395659.400402118 3417721.149997210


21395659.399746783 3417721.149818800


21395659.401531536 3417721.148119533


21395659.400612269 3417721.148664483


21395659.402440637 3417721.148166094


21395659.401442040 3417721.148748782


21395659.400713146 3417721.149199462


21395659.401083279 3417721.152818234


21395659.402929392 3417721.152504486


21395659.401431557 3417721.154200949


21395659.402418915 3417721.154098890


21395659.402767602 3417721.153892186


21395659.402589507 3417721.155243082


21395659.402094886 3417721.153566092


21395659.401896201 3417721.152810290


21395659.403186053 3417721.152668313


21395659.404398013 3417721.152711912


21395659.403293297 3417721.152223706


21395659.403269593 3417721.151429230


21395659.404110014 3417721.152603836


21395659.404677883 3417721.151988395


21395659.404642932 3417721.151674550


21395659.402215764 3417721.151254714


21395659.403655395 3417721.151758129


21395659.404823147 3417721.152171792


21395659.403012209 3417721.151191486


21395659.402447589 3417721.152139564


21395659.402455177 3417721.152915714


21395659.402161580 3417721.152234767


21395659.400281779 3417721.152364028


21395659.401935756 3417721.150333372


21395659.402700819 3417721.151952274


21395659.402855337 3417721.151451761


21395659.405888893 3417721.153565975


21395659.404796280 3417721.154315918


21395659.407623067 3417721.153216359


21395659.406174000 3417721.153378374


21395659.406035375 3417721.155505109


21395659.405537993 3417721.155177302


21395659.406043414 3417721.153065463


21395659.406580802 3417721.154224550


21395659.409000386 3417721.153868234


21395659.407687325 3417721.154897555


21395659.408064142 3417721.152676082


21395659.407204121 3417721.152758414


21395659.407882798 3417721.153694341


21395659.409118284 3417721.154513937


21395659.408345547 3417721.155371643


21395659.406741235 3417721.155960250


21395659.407376070 3417721.157303200


21395659.406346176 3417721.156315262


21395659.407071408 3417721.157121363


21395659.407678921 3417721.157300240


21395659.406058133 3417721.157833565


21395659.405421626 3417721.157950676


21395659.407225702 3417721.158228748


21395659.407372635 3417721.156952084


21395659.406312443 3417721.157757154


21395659.406815831 3417721.157068416


21395659.408189308 3417721.158958594


21395659.407608975 3417721.158298930


21395659.406449221 3417721.157071999


21395659.407068472 3417721.158452065


21395659.408766974 3417721.157714684


21395659.404994149 3417721.151726562


21395659.405379590 3417721.152018500


21395659.404906504 3417721.150914229


21395659.404283591 3417721.150790946


21395659.403723124 3417721.152164061


21395659.401237935 3417721.153962580


21395659.400445826 3417721.154469325


21395659.400381163 3417721.154377549


21395659.401340254 3417721.154645399


21395659.402258843 3417721.152400150


21395659.402511843 3417721.153820760


21395659.402854752 3417721.153022700


21395659.404548105 3417721.155020643


21395659.402932551 3417721.156089881


21395659.401050221 3417721.155960426


21395659.406285893 3417721.155040622


21395659.405963894 3417721.153084721


21395659.404470801 3417721.153635281


21395659.403734099 3417721.154917709


21395659.404673275 3417721.154779159


21395659.402401306 3417721.155559108


21395659.401504889 3417721.155179756


21395659.403631732 3417721.155861269


21395659.403126221 3417721.154701871


21395659.403149385 3417721.155440907


21395659.403978609 3417721.155469766


21395659.403881170 3417721.155285902


21395659.403202128 3417721.154313016


21395659.402680814 3417721.154798631


21395659.401407082 3417721.154958933


21395659.401678059 3417721.154956285


21395659.400471926 3417721.153877659


21395659.403287604 3417721.154903591


21395659.405541424 3417721.155528419


21395659.403765798 3417721.154898918


21395659.402181491 3417721.152641166


21395659.404297452 3417721.153840271


21395659.405922219 3417721.153713502


21395659.405842744 3417721.152106382


21395659.406046394 3417721.150108383


21395659.406893410 3417721.148695504


21395659.406144381 3417721.150347685


21395659.406183485 3417721.151086565


21395659.405700009 3417721.152181705


21395659.406699877 3417721.151728374


21395659.406668492 3417721.153410503


21395659.404635750 3417721.155832975


21395659.407069288 3417721.155273227


21395659.405490715 3417721.155233209


21395659.406009860 3417721.154525836


21395659.406166546 3417721.154247080


21395659.406379137 3417721.156425827


21395659.406236086 3417721.154837811


21395659.408183441 3417721.155096003


21395659.409288559 3417721.153994789


21395659.409924477 3417721.155448618


21395659.411800895 3417721.153341861


21395659.409198660 3417721.156213457


21395659.412607677 3417721.152705603


21395659.409605190 3417721.153769916


21395659.410424843 3417721.152819344


21395659.407992437 3417721.151863594


21395659.408145238 3417721.154449521


21395659.407379229 3417721.154364599


21395659.408226695 3417721.156259919


21395659.409713063 3417721.156651986


21395659.410788339 3417721.154127984


21395659.411559716 3417721.156393679


21395659.412610885 3417721.154664619


21395659.411361579 3417721.155693316


21395659.412403848 3417721.154685123


21395659.412417933 3417721.156126549


21395659.412701104 3417721.154109290


21395659.414055254 3417721.154022130


21395659.412571732 3417721.155552118


21395659.414296649 3417721.155886409


21395659.415961061 3417721.156553962


21395659.416962370 3417721.156248469


21395659.414573271 3417721.154830256


21395659.415613100 3417721.156834585


21395659.414263278 3417721.157365261


21395659.414035294 3417721.155242109


21395659.413300399 3417721.156709336


21395659.412749283 3417721.154145783


21395659.412569251 3417721.153667022


21395659.413367815 3417721.155451929


21395659.412184302 3417721.155056902


21395659.415270779 3417721.156061706


21395659.413718306 3417721.155430021


21395659.410517681 3417721.155793971


21395659.409405332 3417721.156155992


21395659.411756415 3417721.156946203


21395659.409699336 3417721.155247522


21395659.411871649 3417721.155688331


21395659.413739849 3417721.156002740


21395659.413007837 3417721.157765644


21395659.411942318 3417721.154763562


21395659.414416764 3417721.155127491


21395659.413890753 3417721.155132632


21395659.414615132 3417721.154219955


21395659.410272539 3417721.151915235


21395659.410334259 3417721.153337715


21395659.408744130 3417721.152114989


21395659.407849293 3417721.153528334


21395659.409053124 3417721.152740343


21395659.410448369 3417721.153595341


21395659.410393279 3417721.154482995


21395659.409732345 3417721.153731710


21395659.408353359 3417721.154539896


21395659.409400322 3417721.154012179


21395659.409233294 3417721.154863964


21395659.409726519 3417721.154766735


21395659.408471122 3417721.153540738


21395659.408184841 3417721.156870221


21395659.408431835 3417721.159307374


21395659.408705972 3417721.156366125


21395659.408405829 3417721.156646281


21395659.409151562 3417721.156287844


21395659.407955769 3417721.154636189


21395659.407171790 3417721.155974525


21395659.408835657 3417721.156586635


21395659.410701867 3417721.156697768


21395659.408227917 3417721.158015655


21395659.408513613 3417721.156257115


21395659.411778312 3417721.157555881


21395659.409227062 3417721.157488407


21395659.412332363 3417721.158788732


21395659.412020300 3417721.157849222


21395659.413828708 3417721.158570811


21395659.413695727 3417721.159644041


21395659.413092908 3417721.159945638


21395659.410792042 3417721.157768819


21395659.410024177 3417721.159125478


21395659.410702363 3417721.158379586


21395659.411401723 3417721.158169454


21395659.412615485 3417721.158397852


21395659.412625417 3417721.159414241


21395659.412796423 3417721.158969013


21395659.412970856 3417721.158874901


21395659.414359596 3417721.159064624


21395659.412614584 3417721.158305453


21395659.413453247 3417721.157668883


21395659.414010640 3417721.155981612


21395659.411596112 3417721.156855362


21395659.413780034 3417721.156852500


21395659.413451441 3417721.157484085


21395659.415126737 3417721.157634045


21395659.416173022 3417721.155406031


21395659.410974104 3417721.156824479


21395659.412256554 3417721.155924830


21395659.412400778 3417721.154370967


21395659.409537908 3417721.156672181


21395659.412431661 3417721.157531015


21395659.414813451 3417721.154938798


21395659.416112602 3417721.159010529


21395659.415728737 3417721.160511287


21395659.413993884 3417721.159160607


21395659.415592056 3417721.157943684


21395659.412947331 3417721.158098903


21395659.414724451 3417721.157249864


21395659.413913283 3417721.159068986


21395659.412648041 3417721.160097839


21395659.414638564 3417721.158248710


21395659.412090831 3417721.161803589


21395659.413353678 3417721.162160879


21395659.412768602 3417721.162647118


21395659.411279846 3417721.163641190


21395659.411514424 3417721.163176859


21395659.410128936 3417721.163319771


21395659.411059171 3417721.165528469


21395659.412395034 3417721.165201226


21395659.413296733 3417721.164490113


21395659.411140904 3417721.164104588


21395659.411476225 3417721.162530378


21395659.413034294 3417721.163734934


21395659.412108529 3417721.163614610


21395659.411852408 3417721.163506225


21395659.412998937 3417721.165010508


21395659.413377516 3417721.164600213


21395659.412832133 3417721.164254393


21395659.413241647 3417721.165377768


21395659.412848618 3417721.164309677


21395659.413577240 3417721.160569278


21395659.411634177 3417721.162380982


21395659.409278262 3417721.159465436


21395659.408567298 3417721.160119240


21395659.407347709 3417721.160925866


21395659.409972657 3417721.162009106


21395659.409943532 3417721.160660237


21395659.411014065 3417721.159282137


21395659.409157071 3417721.160113476


21395659.411635350 3417721.159239102


21395659.411294252 3417721.160221959


21395659.410787299 3417721.158914723


21395659.411425970 3417721.159019369


21395659.411255147 3417721.159483077


21395659.410526618 3417721.159970719


21395659.410278086 3417721.160638486


21395659.411154632 3417721.158985059


21395659.409224078 3417721.160445489


21395659.410404697 3417721.160544839


21395659.407921582 3417721.159293879


21395659.407302100 3417721.159521712


21395659.409845412 3417721.158776075


21395659.408888619 3417721.160374840


21395659.407476537 3417721.159427601


21395659.405586574 3417721.160148371


21395659.406967506 3417721.161169842


21395659.408398777 3417721.162449565


21395659.405896068 3417721.162455542


21395659.409946918 3417721.162637732


21395659.407932553 3417721.162047526


21395659.411173597 3417721.160925438


21395659.408056192 3417721.158386967


21395659.408292845 3417721.161397150


21395659.407274876 3417721.155104883


21395659.408261333 3417721.154910426


21395659.407134131 3417721.155383482


21395659.408628847 3417721.154999242


21395659.407406189 3417721.155491711


21395659.406867538 3417721.154203267


21395659.405293252 3417721.156233143


21395659.406497806 3417721.155519072


21395659.405981954 3417721.154932703


21395659.409327980 3417721.156397007


21395659.408526797 3417721.157606142


21395659.407985974 3417721.156095938


21395659.408218343 3417721.157036227


21395659.405657649 3417721.157634182


21395659.406769998 3417721.157272161


21395659.407398511 3417721.157968319


21395659.405961771 3417721.157760581


21395659.406364102 3417721.156518384


21395659.405999474 3417721.156725245


21395659.407320119 3417721.156472077


21395659.407697979 3417721.155987863


21395659.408265620 3417721.156980320


21395659.407486156 3417721.158780651


21395659.408221055 3417721.157313423


21395659.407422081 3417721.157117935


21395659.409071818 3417721.157915001


21395659.409681182 3417721.156652298


21395659.407571185 3417721.156063028


21395659.408324324 3417721.156462262


21395659.408967506 3417721.157028905


21395659.408529010 3417721.156201519


21395659.410503905 3417721.156015884


21395659.410971392 3417721.156547281


21395659.410013523 3417721.158035169


21395659.409423258 3417721.156359115


21395659.408804636 3417721.158305726


21395659.408620536 3417721.160673167


21395659.411042962 3417721.162238906


21395659.411655940 3417721.161345801


21395659.411639277 3417721.161272037


21395659.408362381 3417721.161987880


21395659.410551000 3417721.162465494


