21395656.613554079 3417718.335987878


21395656.613609709 3417718.335155663


21395656.612610746 3417718.335701393


21395656.613260798 3417718.336970268


21395656.612497542 3417718.335536165


21395656.613383435 3417718.336470067


21395656.613088030 3417718.335604321


21395656.613195591 3417718.336823053


21395656.613882847 3417718.335374773


21395656.612868309 3417718.335957617


21395656.613742512 3417718.334063953


21395656.613152560 3417718.334051237


21395656.612931933 3417718.334312135


21395656.612573765 3417718.336810649


21395656.605837863 3417718.334289062


21395656.606682353 3417718.332617468


21395656.605424609 3417718.331151234


21395656.605309416 3417718.330782727


21395656.605771665 3417718.330778209


21395656.605781104 3417718.330112782


21395656.605003130 3417718.330434571


21395656.606098458 3417718.329961827


21395656.605468318 3417718.329099352


21395656.605944294 3417718.330499298


21395656.605551582 3417718.331094547


21395656.605459288 3417718.328175360


21395656.613431934 3417718.338169897


21395656.613890029 3417718.337740345


21395656.605725970 3417718.332626815


21395656.613816652 3417718.338387917


21395656.614003818 3417718.336334632


21395656.614074036 3417718.338625662


21395656.613434825 3417718.338465575


21395656.613629036 3417718.337133004


21395656.614842076 3417718.337287482


21395656.614106324 3417718.337035931


21395656.613295883 3417718.338928972


21395656.613912471 3417718.338405462


21395656.613484133 3417718.336986567


21395656.612722773 3417718.339008500


21395656.613795795 3417718.339515497


21395656.614187419 3417718.338809369


21395656.612865373 3417718.337288320


21395656.613492846 3417718.336247218


21395656.614511363 3417718.336070930


21395656.613822300 3417718.337334412


21395656.613588799 3417718.337909623


21395656.612855442 3417718.336271930


21395656.613659471 3417718.336984853


21395656.613653734 3417718.334767120


21395656.613942098 3417718.334912154


21395656.614855263 3417718.338636507


21395656.615679067 3417718.338110972


21395656.614797778 3417718.340910303


21395656.614598781 3417718.338491161


21395656.614326496 3417718.339990830


21395656.604014143 3417718.336894306


21395656.601928800 3417718.335565533


21395656.603030488 3417718.334113203


21395656.601524569 3417718.333351695


21395656.601920672 3417718.334733943


21395656.602924827 3417718.336350505


21395656.602504618 3417718.335763203


21395656.602261003 3417718.335303544


21395656.603777621 3417718.335528982


21395656.603061285 3417718.334002012


21395656.602309003 3417718.335321556


21395656.602533292 3417718.333803875


21395656.601688847 3417718.333849091


21395656.601293966 3417718.334222582


21395656.602030262 3417718.334529573


21395656.601224791 3417718.333668812


21395656.602169156 3417718.335692555


21395656.601434983 3417718.337233701


21395656.601261996 3417718.337475652


21395656.598745376 3417718.336058685


21395656.600598533 3417718.336465649


21395656.600660846 3417718.336317187


21395656.601518881 3417718.336031578


21395656.599615376 3417718.335366365


21395656.601117637 3417718.337384655


21395656.600890547 3417718.335353902


21395656.600674983 3417718.336132234


21395656.600796178 3417718.335484195


21395656.600987092 3417718.335445365


21395656.602377865 3417718.334211989


21395656.599974945 3417718.334642068


21395656.602005970 3417718.335306036


21395656.597808499 3417718.338063852


21395656.598844804 3417718.336445827


21395656.612629984 3417718.334407494


21395656.612311188 3417718.334410610


21395656.612603884 3417718.334999160


21395656.611984808 3417718.333637574


21395656.612762287 3417718.331633966


21395656.612434596 3417718.332357949


21395656.613600858 3417718.334250154


21395656.614097562 3417718.332877662


21395656.613376126 3417718.332459637


21395656.614154007 3417718.335390605


21395656.614018951 3417718.332989320


21395656.612242330 3417718.335520177


21395656.613265719 3417718.335842845


21395656.613952976 3417718.334394564


21395656.614147637 3417718.336370191


21395656.612721194 3417718.337215802


21395656.611785267 3417718.337686989


21395656.610385641 3417718.338014855


21395656.610720921 3417718.338067023


21395656.610941682 3417718.339450982


21395656.607097328 3417718.326144860


21395656.607743815 3417718.325417760


21395656.608775921 3417718.325001078


21395656.609153189 3417718.326087804


21395656.608316511 3417718.326927651


21395656.609734513 3417718.323587110


21395656.609483004 3417718.327211956


21395656.610843748 3417718.324537309


21395656.609391380 3417718.325993067


21395656.612092100 3417718.325042594


21395656.611336160 3417718.327618920


21395656.614045773 3417718.325947577


21395656.611735962 3417718.326118005


21395656.610546265 3417718.326721043


21395656.612276282 3417718.325946391


21395656.611491993 3417718.325621387


21395656.611558456 3417718.325897963


21395656.612247117 3417718.326223899


21395656.611579094 3417718.326378282


21395656.612816788 3417718.325793255


21395656.611971848 3417718.330680649


21395656.610900730 3417718.327105692


21395656.610871382 3417718.327364721


21395656.612954557 3417718.328471736


21395656.610078547 3417718.327797545


21395656.610062748 3417718.329442561


21395656.608940914 3417718.325572395


21395656.611497723 3417718.327839121


21395656.611084916 3417718.328009488


21395656.611840449 3417718.327022582


21395656.611583609 3417718.326840275


21395656.609140545 3417718.331318213


21395656.610306896 3417718.329957657


21395656.611331195 3417718.330372724


21395656.610313267 3417718.328978073


21395656.610067625 3417718.329941515


21395656.609800667 3417718.328724341


21395656.610171475 3417718.327519414


21395656.608307570 3417718.329274899


21395656.612416085 3417718.327201771


21395656.610423259 3417718.327184286


21395656.610420913 3417718.326944048


21395656.611089930 3417718.330153302


21395656.610719208 3417718.328105472


21395656.611085594 3417718.329709787


21395656.612437125 3417718.332616667


21395656.611103199 3417718.334773567


21395656.612574987 3417718.332042390


21395656.612890258 3417718.334940917


21395656.611578595 3417718.331220459


21395656.612269875 3417718.328552355


21395656.612054393 3417718.332601926


21395656.612289514 3417718.332193033


21395656.610898785 3417718.331800031


21395656.613399647 3417718.333235634


21395656.612915859 3417718.332667433


21395656.612022154 3417718.332565279


21395656.612216141 3417718.332840605


21395656.612509374 3417718.333484595


21395656.613281708 3417718.334216310


21395656.613118198 3417718.332166452


21395656.613023464 3417718.332259787


21395656.612301614 3417718.333431180


21395656.609861035 3417718.333270218


21395656.612269603 3417718.331786633


21395656.610958934 3417718.331429811


21395656.612360179 3417718.331268263


21395656.612169087 3417718.331288613


21395656.611405246 3417718.331425449


21395656.611430760 3417718.332404723


21395656.611409400 3417718.331850485


21395656.611456994 3417718.333457917


21395656.611581620 3417718.333160993


21395656.611454643 3417718.333217679


21395656.613614362 3417718.330738523


21395656.611944668 3417718.331161436


21395656.613471761 3417718.332458702


21395656.611668862 3417718.329038751


21395656.611041885 3417718.331761669


21395656.611286443 3417718.330687348


21395656.610466246 3417718.331582480


21395656.611094806 3417718.330652257


21395656.608977716 3417718.324444659


21395656.607684433 3417718.324235520


21395656.606771853 3417718.325464224


21395656.605839361 3417718.326286525


21395656.607988555 3417718.324361919


21395656.608020972 3417718.324417045


21395656.608543504 3417718.325687168


21395656.607694186 3417718.325233430


21395656.607625373 3417718.324716618


21395656.606627177 3417718.323709887


21395656.606307253 3417718.325228503


21395656.609319676 3417718.325180579


21395656.609099455 3417718.323852060


21395656.609512441 3417718.323700170


21395656.608593673 3417718.325926939


21395656.608465839 3417718.324264846


21395656.608595166 3417718.324448397


21395656.608344283 3417718.324875926


21395656.608037770 3417718.326135668


21395656.609335933 3417718.326843762


21395656.610206880 3417718.324617461


21395656.609085862 3417718.324092452


21395656.610510640 3417718.324706900


21395656.610210128 3417718.324950098


21395656.609294299 3417718.325846164


21395656.609639913 3417718.325325302


21395656.610468373 3417718.326906620


21395656.611047573 3417718.322557790


21395656.610304687 3417718.324838284


21395656.611355670 3417718.323090743


21395656.610146284 3417718.321679483


21395656.612780400 3417718.318807575


21395656.612245992 3417718.321215403


21395656.611872330 3417718.320498274


21395656.612710454 3417718.319806265


21395656.611218579 3417718.322112561


21395656.611674372 3417718.319816391


21395656.613104027 3417718.320929795


21395656.612068668 3417718.321013839


21395656.610766217 3417718.318235852


21395656.612047896 3417718.318888661


21395656.612625971 3417718.316055331


21395656.613615584 3417718.319446269


21395656.613520220 3417718.316212925


21395656.613658708 3417718.318965327


21395656.614625789 3417718.318419908


21395656.614263378 3417718.317222149


21395656.613654826 3417718.315306013


21395656.613187697 3417718.314811575


21395656.613333099 3417718.316639829


21395656.615156680 3417718.318913723


21395656.614402816 3417718.318440570


21395656.614756968 3417718.317161880


21395656.618900426 3417718.328450589


21395656.619438943 3417718.328094175


21395656.619214527 3417718.327966998


21395656.619805787 3417718.326482693


21395656.617948741 3417718.328940411


21395656.620514445 3417718.330486269


21395656.618923098 3417718.327507807


21395656.620774537 3417718.331001210


21395656.620212268 3417718.332189527


21395656.621276569 3417718.333435872


21395656.621538285 3417718.334117132


21395656.621252909 3417718.331015016


21395656.620216291 3417718.330969702


21395656.620882954 3417718.333938722


21395656.621076807 3417718.332569190


21395656.619021486 3417718.332681686


21395656.620854463 3417718.329392533


21395656.620439533 3417718.334238760


21395656.620249383 3417718.332725130


21395656.620388418 3417718.329008974


21395656.619939849 3417718.332044336


21395656.620941881 3417718.331812764


21395656.619664721 3417718.331621950


21395656.619545329 3417718.332454786


21395656.621874020 3417718.330953500


21395656.620535262 3417718.330985067


21395656.620122187 3417718.327865718


21395656.620782305 3417718.331795841


21395656.618823569 3417718.330373423


21395656.618486490 3417718.330136458


21395656.619964004 3417718.329623014


21395656.619170364 3417718.333234678


21395656.620704144 3417718.322167706


21395656.618530158 3417718.323186958


21395656.619197864 3417718.321369238


21395656.620707307 3417718.325753101


21395656.620919667 3417718.323015752


21395656.620232098 3417718.322800693


21395656.619342182 3417718.323086614


21395656.619018778 3417718.325880493


21395656.619829040 3417718.323968972


21395656.620608643 3417718.323813498


21395656.619389053 3417718.324620127


21395656.620203286 3417718.323115163


21395656.620826926 3417718.323312363


21395656.620971642 3417718.323440321


21395656.620002031 3417718.323727020


21395656.623234086 3417718.326578557


21395656.621696517 3417718.324209461


21395656.620582633 3417718.327676402


21395656.622061048 3417718.327255359


21395656.622349545 3417718.329045251


21395656.620438632 3417718.327622365


21395656.619301673 3417718.327097512


21395656.619925853 3417718.327350154


21395656.620434478 3417718.327197329


21395656.619768128 3417718.325891649


21395656.619841773 3417718.328533796


21395656.620558158 3417718.321910390


21395656.623534095 3417718.324653542


21395656.620951187 3417718.322978481


21395656.621229075 3417718.322051686


21395656.623698369 3417718.325150939


21395656.622870769 3417718.325288398


21395656.621998418 3417718.325740482


21395656.622077800 3417718.324076363


21395656.621228393 3417718.326875384


21395656.620434117 3417718.327160371


21395656.621194750 3417718.325064518


21395656.622031428 3417718.324224670


21395656.621275399 3417718.323529759


21395656.624263894 3417718.324295259


21395656.624087334 3417718.322541235


21395656.625479054 3417718.326297874


21395656.622994311 3417718.324880596


21395656.622646123 3417718.326769120


21395656.624291889 3417718.327159628


21395656.624413442 3417718.326548549


21395656.623522084 3417718.326686632


21395656.623323761 3417718.325967789


21395656.624970924 3417718.328132515


21395656.625174437 3417718.324489657


21395656.625361878 3417718.325726091


21395656.626004748 3417718.324629395


21395656.625542451 3417718.326260292


21395656.626298118 3417718.326918242


21395656.626194715 3417718.326124545


21395656.625097226 3417718.326375532


21395656.625415161 3417718.324653639


21395656.625892766 3417718.326219904


21395656.625251748 3417718.325875019


21395656.619915199 3417718.326259844


21395656.618925940 3417718.329429863


21395656.619154196 3417718.328318737


21395656.618731230 3417718.329080615


21395656.619290248 3417718.327559662


21395656.619864531 3417718.330862252


21395656.621336583 3417718.331420793


21395656.620130450 3417718.330342169


21395656.620438900 3417718.330912082


21395656.621397313 3417718.329479635


21395656.622277476 3417718.328195804


21395656.621907976 3417718.327903709


21395656.620349497 3417718.328288572


21395656.620985098 3417718.328079063


21395656.621020228 3417718.328411388


21395656.619753178 3417718.329255443


21395656.619466808 3417718.329313687


21395656.620280992 3417718.329435100


21395656.619665891 3417718.328480070


21395656.618836895 3417718.326843312


21395656.620606743 3417718.326881459


21395656.619890135 3417718.328588768


21395656.621224012 3417718.328058247


21395656.620579425 3417718.325717387


21395656.621851571 3417718.330288385


21395656.620447662 3417718.328546355


21395656.621260047 3417718.328482972


21395656.620651450 3417718.328193214


21395656.620578479 3417718.327251368


21395656.621978190 3417718.330194739


21395656.621242888 3417718.326727389


21395656.621546190 3417718.330032627


21395656.619893793 3417718.327331985


21395656.620014172 3417718.329862783


21395656.620508350 3417718.328231576


21395656.619672082 3417718.327482004


21395656.621128377 3417718.328059181


21395656.620525286 3417718.325071061


21395656.622878894 3417718.326119989


21395656.620593920 3417718.325569393


21395656.619873472 3417718.328515005


21395656.620183781 3417718.327643339


21395656.619765554 3417718.327259313


21395656.620783888 3417718.327064543


21395656.618946396 3417718.329891702


21395656.618219942 3417718.327329862


21395656.618934970 3417718.330353854


21395656.620755214 3417718.329023871


