21395659.411261201 3417721.156840154


21395659.411398653 3417721.157855298


21395659.411366276 3417721.156173790


21395659.410408583 3417721.157680157


21395659.410383023 3417721.158327262


21395659.410535332 3417721.159231371


21395659.410637699 3417721.158287811


21395659.409525942 3417721.157078892


21395659.409245390 3417721.162626106


21395659.407165419 3417721.163478105


21395659.406751841 3417721.165200935


21395659.405516721 3417721.164418297


21395659.406205509 3417721.166389093


21395659.405785300 3417721.165801790


21395659.406260781 3417721.165519920


21395659.405593481 3417721.165748220


21395659.405281190 3417721.166416609


21395659.404892813 3417721.167455372


21395659.405440539 3417721.168041430


21395659.406687856 3417721.166809456


21395659.405540381 3417721.166839152


21395659.406494234 3417721.166571087


21395659.406449843 3417721.166922672


21395659.406002630 3417721.166834634


21395659.406167809 3417721.167424431


21395659.404823046 3417721.168472541


21395659.406619534 3417721.167974462


21395659.411888711 3417721.167220667


21395659.409166142 3417721.165935082


21395659.408528551 3417721.165941314


21395659.408493556 3417721.167253848


21395659.405632902 3417721.168150440


21395659.407308422 3417721.166692502


21395659.406644188 3417721.167234959


21395659.406457789 3417721.167735782


21395659.407502718 3417721.168631168


21395659.404554602 3417721.168733907


21395659.405518975 3417721.167911293


21395659.403229486 3417721.166898699


21395659.405627977 3417721.169277864


21395659.406513739 3417721.168566907


21395659.405067246 3417721.167361259


21395659.406108517 3417721.169513427


21395659.407384053 3417721.169537925


21395659.406379536 3417721.167884401


21395659.407283947 3417721.167450485


21395659.407082643 3417721.169688723


21395659.408702172 3417721.169026040


21395659.413799260 3417721.168606592


21395659.415040616 3417721.166764785


21395659.413683034 3417721.166500829


21395659.413313530 3417721.166208735


21395659.413628712 3417721.165836022


21395659.410801969 3417721.165309202


21395659.413130924 3417721.167097635


21395659.411854304 3417721.166962259


21395659.413669802 3417721.166778182


21395659.414759479 3417721.167358943


21395659.414575793 3417721.168136963


21395659.411657605 3417721.166409735


21395659.412070777 3417721.166276326


21395659.410447139 3417721.164887594


21395659.409209806 3417721.165509579


21395659.409853943 3417721.164542242


21395659.409947727 3417721.165982889


21395659.410389345 3417721.165498051


21395659.409933366 3417721.167775741


21395659.409530044 3417721.165654303


21395659.410705246 3417721.165199259


21395659.411971163 3417721.165870705


21395659.412213694 3417721.166219484


21395659.412260246 3417721.166089659


21395659.412651923 3417721.163757151


21395659.412239656 3417721.163982960


21395659.412982505 3417721.163328845


21395659.413408853 3417721.164544462


21395659.412923981 3417721.163865383


21395659.410850290 3417721.160466559


21395659.409523137 3417721.160054452


21395659.410877652 3417721.160004253


21395659.409711163 3417721.159719947


21395659.408609882 3417721.159582858


21395659.409874126 3417721.161714364


21395659.410423890 3417721.160877320


21395659.411069471 3417721.160057821


21395659.410504717 3417721.159361042


21395659.412791364 3417721.158451577


21395659.409458701 3417721.158354777


21395659.410392236 3417721.159269733


21395659.409708276 3417721.159424270


21395659.409571003 3417721.158427607


21395659.408225160 3417721.159364839


21395659.409345273 3417721.159797448


21395659.406690206 3417721.160525698


21395659.406902481 3417721.161041107


21395659.406555649 3417721.159806232


21395659.407099944 3417721.160041173


21395659.405823998 3417721.161606095


21395659.406084813 3417721.162194956


21395659.410475865 3417721.161301889


21395659.411766976 3417721.161289271


21395659.412615031 3417721.161613650


21395659.411471620 3417721.158797144


21395659.412067484 3417721.161046074


21395659.413083471 3417721.160611068


21395659.410956446 3417721.159911074


21395659.410318185 3417721.158217007


21395659.413072273 3417721.159465318


21395659.410837464 3417721.159154492


21395659.411790371 3417721.160420408


21395659.412278898 3417721.159842704


21395659.413267206 3417721.158206666


21395659.411474150 3417721.159055862


21395659.411418926 3417721.158298657


21395659.412801478 3417721.159486447


21395659.412094351 3417721.158901948


21395659.412049424 3417721.159198093


21395659.413608264 3417721.158850189


21395659.411081843 3417721.158061692


21395659.409509774 3417721.158686947


21395659.407597914 3417721.158798040


21395659.409192380 3417721.160464280


21395659.407796912 3417721.161217182


21395659.408038039 3417721.159791744


21395659.408951111 3417721.160244859


21395659.409385193 3417721.157357492


21395659.407543410 3417721.158114754


21395659.406236719 3417721.158164488


21395659.407396838 3417721.159428380


21395659.407423433 3417721.160518532


21395659.408139274 3417721.160363683


21395659.408304315 3417721.159308620


21395659.407465879 3417721.158337291


21395659.406604908 3417721.159953603


21395659.406756900 3417721.159194373


21395659.406991981 3417721.160411858


21395659.405282866 3417721.158432552


21395659.407201901 3417721.160687032


21395659.406783450 3417721.161910904


21395659.408006292 3417721.161436914


21395659.407073483 3417721.160595877


21395659.407013156 3417721.160947617


21395659.407264397 3417721.160557049


21395659.407624103 3417721.161477613


21395659.409029189 3417721.160077761


21395659.407452062 3417721.160185584


21395659.409219380 3417721.159965014


21395659.406201903 3417721.159495502


21395659.406005118 3417721.162195734


21395659.406519387 3417721.160989407


21395659.406800296 3417721.162003147


21395659.404952962 3417721.160561157


21395659.405280426 3417721.161445073


21395659.404079892 3417721.160939322


21395659.405613218 3417721.159612145


21395659.406841837 3417721.159729508


21395659.405795369 3417721.161939042


21395659.406188671 3417721.159772854


21395659.406487554 3417721.159363339


21395659.406093940 3417721.159866188


21395659.405247506 3417721.159708126


21395659.406117823 3417721.160679145


21395659.404400535 3417721.159494625


21395659.404455580 3417721.160233351


21395659.404913813 3417721.161448656


21395659.405660219 3417721.162790515


21395659.404647712 3417721.161950258


21395659.403821375 3417721.162217077


21395659.404672142 3417721.162818654


21395659.404778659 3417721.162300129


21395659.404638637 3417721.162652647


21395659.403828602 3417721.162956270


21395659.402496167 3417721.163634628


21395659.402035903 3417721.163842424


21395659.404654574 3417721.162652491


21395659.404942349 3417721.164368466


21395659.403390963 3417721.163847662


21395659.404433545 3417721.164502809


21395659.404015314 3417721.164118784


21395659.403448757 3417721.163237205


21395659.403178278 3417721.164921673


21395659.403373167 3417721.165289399


21395659.401831351 3417721.165748025


21395659.403670557 3417721.166358424


21395659.403124589 3417721.167583543


21395659.399643954 3417721.167026150


21395659.402348645 3417721.166482233


21395659.401370361 3417721.165881902


21395659.401119079 3417721.167898849


21395659.402288139 3417721.166815492


21395659.399951864 3417721.167540625


21395659.402633753 3417721.166294630


21395659.402995266 3417721.167399991


21395659.402921211 3417721.166347266


21395659.403498337 3417721.165047916


21395659.406249762 3417721.164392652


21395659.409863111 3417721.160587096


21395659.406440455 3417721.159437727


21395659.408684839 3417721.160727982


21395659.408576917 3417721.159472290


21395659.407431152 3417721.162939542


21395659.409069378 3417721.160927521


21395659.409589380 3417721.161938927


21395659.410396527 3417721.161339627


21395659.411183938 3417721.160352407


21395659.410184972 3417721.160898137


21395659.408729047 3417721.160357920


21395659.409357149 3417721.162643495


21395659.410885010 3417721.162388304


21395659.411045540 3417721.160871245


21395659.410526708 3417721.163241957


21395659.409363832 3417721.163327248


21395659.407733597 3417721.164526002


21395659.408671021 3417721.162576275


21395659.411082655 3417721.161406847


21395659.407125592 3417721.162665305


21395659.411338046 3417721.167965311


21395659.410616606 3417721.167547286


21395659.411089152 3417721.168596116


21395659.410526115 3417721.164812897


21395659.410268508 3417721.166183051


21395659.410218339 3417721.165943280


21395659.410979424 3417721.167155625


21395659.411845636 3417721.166075229


21395659.410866633 3417721.165400979


21395659.411120765 3417721.165306087


21395659.412971441 3417721.163827955


21395659.412096336 3417721.165629222


21395659.413430754 3417721.165154141


21395659.411741689 3417721.165226091


21395659.411176164 3417721.166081772


21395659.413868714 3417721.165926085


21395659.409206148 3417721.166766363


21395659.409379676 3417721.166579850


21395659.410764940 3417721.168044838


21395659.409453414 3417721.165969237


21395659.408169750 3417721.165113149


21395659.408049457 3417721.165853588


21395659.409697026 3417721.166428896


21395659.407696392 3417721.167243157


21395659.409923974 3417721.166814792


21395659.411088116 3417721.166858859


21395659.411028508 3417721.167284517


21395659.413031492 3417721.166710494


21395659.412008781 3417721.168088127


21395659.411704477 3417721.167943248


21395659.410879407 3417721.168339425


21395659.409312442 3417721.167855737


21395659.408746198 3417721.168637496


21395659.411268461 3417721.169000959


21395659.410781600 3417721.168118602


21395659.410215359 3417721.168900361


21395659.410930660 3417721.168690073


21395659.411857508 3417721.168921275


21395659.412753660 3417721.159486915


21395659.412285630 3417721.158900079


21395659.412354805 3417721.159453850


21395659.410918381 3417721.160909450


21395659.411298361 3417721.162273374


21395659.410025347 3417721.162507594


21395659.410793394 3417721.161169414


21395659.412280839 3417721.161672361


21395659.412843835 3417721.160557965


21395659.412338097 3417721.161006465


21395659.410715498 3417721.161354992


21395659.409637202 3417721.161938460


21395659.414074849 3417721.159289186


21395659.414526395 3417721.159820739


21395659.413335074 3417721.160257458


21395659.410425335 3417721.161025159


21395659.410273749 3417721.160194970


21395659.411882844 3417721.163358075


21395659.410864960 3417721.160337044


21395659.410897337 3417721.162018551


21395659.410212111 3417721.162043730


21395659.411304187 3417721.161238348


21395659.410475321 3417721.161246449


21395659.412762102 3417721.161981844


21395659.409721460 3417721.160773295


21395659.410213605 3417721.160565188


21395659.411528062 3417721.161310086


21395659.408219516 3417721.160418344


21395659.408367712 3417721.159271038


21395659.410193916 3417721.158550889


21395659.409428220 3417721.160129307


21395659.409719158 3417721.158906681


21395659.409866322 3417721.156022116


21395659.412318230 3417721.158973686


21395659.411765989 3417721.157925634


21395659.409466926 3417721.149409615


21395659.407982502 3417721.150847204


21395659.409697127 3417721.150128146


21395659.407158516 3417721.151354260


21395659.407644294 3417721.152125739


21395659.406542152 3417721.150269871


21395659.407457035 3417721.150907784


21395659.406232294 3417721.154449735


21395659.407666687 3417721.154417235


21395659.410067983 3417721.153820837


21395659.408768561 3417721.152983384


21395659.408669669 3417721.152651682


21395659.406408988 3417721.151324621


21395659.405757628 3417721.151552767


21395659.406646412 3417721.152782346


21395659.406353310 3417721.153783216


21395659.405303143 3417721.152351916


21395659.405725162 3417721.153124018


21395659.406289417 3417721.152138980


21395659.405948136 3417721.153103357


21395659.405645821 3417721.153161756


21395659.407840852 3417721.151033404


21395659.404308561 3417721.151714781


21395659.406526886 3417721.151970325


21395659.403723668 3417721.152219500


21395659.405214008 3417721.153018124


21395659.403725293 3417721.152385818


21395659.405032892 3417721.152428484


21395659.407341797 3417721.152165659


21395659.406410616 3417721.151490940


21395659.412032813 3417721.150973953


21395659.409796558 3417721.150515288


21395659.410008516 3417721.149367360


21395659.408763416 3417721.149194711


21395659.409536149 3417721.148337008


21395659.411955688 3417721.149607070


21395659.410959072 3417721.150393038


21395659.409337062 3417721.149170624


21395659.408118870 3417721.151751468


21395659.408630386 3417721.151894323


21395659.408493251 3417721.152542517


21395659.407372415 3417721.152035988


21395659.407874901 3417721.151254850


21395659.406715453 3417721.151691258


21395659.408286307 3417721.149310264


21395659.408192474 3417721.149495997


21395659.407595795 3417721.150425908


21395659.406537458 3417721.149789395


21395659.406692605 3417721.152615559


21395659.406143069 3417721.151844705


21395659.405137245 3417721.151688201


21395659.405397069 3417721.148913425


21395659.406773612 3417721.151117760


21395659.405418020 3417721.151057083


21395659.407762509 3417721.147910784


21395659.407719564 3417721.148410206


21395659.407478485 3417721.148209265


21395659.409277320 3417721.147951424


21395659.407766484 3417721.148317339


21395659.407585859 3417721.149409518


21395659.409456454 3417721.148337787


21395659.408511315 3417721.147866502


21395659.407863565 3417721.148464243


21395659.407187957 3417721.147842472


21395659.409083158 3417721.147657616


21395659.409781929 3417721.149018423


21395659.407897614 3417721.148685690


21395659.407887634 3417721.149295679


21395659.408886775 3417721.148768430


21395659.409325682 3417721.148006395


21395659.407687146 3417721.148355078


21395659.409233473 3417721.148358447


21395659.407437347 3417721.148893485


21395659.407959383 3417721.148481789


21395659.408709947 3417721.150248684


21395659.408818815 3417721.149970396


21395659.407360494 3417721.150816320


21395659.409002464 3417721.150818754


21395659.409064777 3417721.150670292


21395659.408985801 3417721.150744990


21395659.407789420 3417721.150664276


21395659.408006389 3417721.151660160


21395659.412493933 3417721.152484937


21395659.412640955 3417721.154479509


21395659.412812185 3417721.152426381


21395659.412585732 3417721.153722305


21395659.412383620 3417721.152615385


21395659.413787622 3417721.151104656


21395659.413114496 3417721.152367981


21395659.413180239 3417721.152570636


21395659.413219888 3417721.153364956


21395659.411939658 3417721.152859984


21395659.414394733 3417721.152872953


21395659.412486121 3417721.153316684


21395659.412998177 3417721.153514976


21395659.413509332 3417721.153620870


21395659.412427597 3417721.153853220


21395659.412521251 3417721.153649008


21395659.413620908 3417721.153619779


21395659.414249059 3417721.154278978


21395659.416283198 3417721.153630724


21395659.416005857 3417721.154612958


21395659.418204993 3417721.154536020


21395659.415803201 3417721.153450598


21395659.417142272 3417721.155082373


21395659.417701606 3417721.155224758


21395659.419121321 3417721.155321772


21395659.417725358 3417721.154392855


21395659.419578332 3417721.154781341


21395659.416641999 3417721.154458888


21395659.420311697 3417721.156419033


21395659.416036833 3417721.154520246


21395659.414616168 3417721.155957213


21395659.413291186 3417721.155766865


21395659.413581401 3417721.154470318


21395659.415597700 3417721.156890179


21395659.413320538 3417721.155507835


21395659.414262425 3417721.155646482


21395659.412560444 3417721.157659126


21395659.413774841 3417721.154690207


21395659.412209094 3417721.155962256


21395659.414450631 3417721.155330457


21395659.411794662 3417721.155966307


21395659.412399288 3417721.155849508


21395659.412400190 3417721.155941907


21395659.412210129 3417721.157699514


21395659.411807347 3417721.155633515


21395659.411328752 3417721.157227607


21395659.410597198 3417721.155774712


21395659.412723858 3417721.156437746


21395659.410741195 3417721.155828748


21395659.411598824 3417721.157132559


21395659.410409894 3417721.156183137


21395659.410899647 3417721.157361171


21395659.410701867 3417721.156697768


21395659.410691209 3417721.155607459


21395659.411029916 3417721.156010743


21395659.410347804 3417721.154723700


21395659.411751945 3417721.154857830


21395659.411326632 3417721.155379470


21395659.410219159 3417721.156240446


21395659.411253072 3417721.156008563


21395659.409718663 3417721.157224862


21395659.409942497 3417721.158922979


21395659.409184251 3417721.159632689


21395659.406748366 3417721.159952200


21395659.407765124 3417721.157964736


21395659.409485526 3417721.157837031


21395659.406917565 3417721.159322173


21395659.408722315 3417721.161300546


21395659.410412874 3417721.159750052


21395659.409496181 3417721.158927341


21395659.411308203 3417721.160018526


21395659.414700743 3417721.156455388


21395659.414383575 3417721.156624823


21395659.415708557 3417721.156815170


21395659.416273355 3417721.155885573


21395659.416113056 3417721.155794730


21395659.417293452 3417721.157501980


21395659.416628495 3417721.157970519


21395659.416086365 3417721.157957336


21395659.416057244 3417721.156608466


21395659.416219529 3417721.156902584


21395659.416157395 3417721.157069525


21395659.415757772 3417721.158588920


21395659.415420920 3417721.156744055


21395659.414782066 3417721.156620928


21395659.415999986 3417721.157274363


21395659.415367994 3417721.157853467


21395659.414480116 3417721.156716287


21395659.413649984 3417721.156595029


21395659.413047709 3417721.156952066


21395659.412909359 3417721.155844523


21395659.414554350 3417721.157787492


21395659.416020077 3417721.157699241


21395659.414847810 3417721.156823582


21395659.416935731 3417721.156784696


21395659.414152291 3417721.155795411


21395659.414279129 3417721.154093867


21395659.413621992 3417721.153730659


21395659.413172971 3417721.153457823


21395659.415257100 3417721.153030859


21395659.415431038 3417721.151254927


21395659.415713932 3417721.152471947


21395659.413443405 3417721.153399735


21395659.414814580 3417721.153423296


21395659.415207837 3417721.152883488


21395659.415946163 3417721.151767377


21395659.414634187 3417721.152907576


21395659.414877072 3417721.153293317


21395659.414469324 3417721.153981118


21395659.416176002 3417721.152448951


21395659.414810836 3417721.151408842


21395659.415901415 3417721.152082003


21395659.414485674 3417721.152391544


21395659.415579010 3417721.151715521


21395659.414371025 3417721.152078478


21395659.414095536 3417721.151619131


21395659.414476506 3417721.149822695


21395659.416591022 3417721.150873959


21395659.413039003 3417721.151167416


21395659.415237777 3417721.151053520


21395659.414358512 3417721.152429750


21395659.414869126 3417721.152480203


21395659.414681688 3417721.151243770


21395659.413248200 3417721.151368670


21395659.414607950 3417721.151854384


21395659.413192030 3417721.152145444


21395659.413288161 3417721.153826329


21395659.413822707 3417721.153063359


21395659.413107675 3417721.156563366


21395659.413948689 3417721.156167034


21395659.413966071 3417721.156314717


21395659.411292583 3417721.155158025


21395659.414770868 3417721.155475180


21395659.414242510 3417721.155240084


21395659.412788879 3417721.156566482


21395659.413856890 3417721.154929665


21395659.414418794 3417721.153704390


21395659.414260305 3417721.153798346


21395659.415945217 3417721.153301357


21395659.415120687 3417721.153752975


21395659.415845018 3417721.154466677


21395659.416070160 3417721.154667774


21395659.416437313 3417721.154719631


21395659.416874591 3417721.153791278


21395659.416566685 3417721.153276804


21395659.418125115 3417721.154518319


21395659.417027850 3417721.153161407


21395659.416193701 3417721.154259973


21395659.417249020 3417721.152955947


21395659.416623756 3417721.152592427


21395659.418187067 3417721.154332898


21395659.416396040 3417721.153758992


21395659.416814085 3417721.154124538


21395659.416264370 3417721.153335201


21395659.416505270 3417721.153517664


21395659.416704722 3417721.152721006


21395659.415910810 3417721.153042952


21395659.411669582 3417721.152955032


21395659.412897978 3417721.154680294


21395659.413273849 3417721.153992802


21395659.411721379 3417721.153361120


21395659.414130617 3417721.153577835


21395659.413658340 3417721.155818721


21395659.412587717 3417721.153925582


21395659.413587723 3417721.155117113


21395659.416192077 3417721.154093654


21395659.414310470 3417721.154038117


21395659.415793944 3417721.154134508


21395659.414344877 3417721.154296522


21395659.414896805 3417721.153681236


21395659.415669680 3417721.154468391


21395659.415957134 3417721.154521025


21395659.416173790 3417721.153853573


21395659.415325325 3417721.155118612


21395659.415847313 3417721.156333292


21395659.414377656 3417721.154388610


21395659.415001478 3417721.154604292


21395659.415253442 3417721.154287642


21395659.414857835 3417721.154587215


21395659.414319050 3417721.151653910


21395659.414942097 3417721.153422050


21395659.414923355 3417721.156397768


21395659.414514523 3417721.156974692


21395659.414037596 3417721.157108725


21395659.413732573 3417721.156889927


21395659.415438075 3417721.158499637


21395659.414493300 3417721.158065313


21395659.413412157 3417721.156726724


21395659.413507976 3417721.156744269


21395659.415887505 3417721.157183053


21395659.418837298 3417721.155620254


21395659.417899925 3417721.155943601


21395659.413909044 3417721.155372713


21395659.417070836 3417721.157559601


21395659.414747793 3417721.158007380


21395659.410238262 3417721.153301688


21395659.410140771 3417721.154744204


21395659.412615806 3417721.153537195


21395659.414955869 3417721.153200137


21395659.414202321 3417721.154390323


21395659.415267214 3417721.154065729


21395659.413789924 3417721.152971272


21395659.411438297 3417721.152125623


21395659.413589209 3417721.160162567


21395659.411895804 3417721.159791003


21395659.413275290 3417721.160664637


21395659.413188498 3417721.161571082


21395659.413775198 3417721.161251162


21395659.412567940 3417721.161688037


21395659.412407275 3417721.161560236


21395659.410876207 3417721.159856413


21395659.412590243 3417721.160708296


21395659.410828024 3417721.159819921


21395659.412658878 3417721.161206627


21395659.411865685 3417721.161602492


21395659.411466882 3417721.159943049


21395659.411288425 3417721.161256983


21395659.411325231 3417721.160129248


21395659.410950985 3417721.160983058


21395659.409557726 3417721.160331339


21395659.411749367 3417721.162749487


21395659.410669845 3417721.161577217


21395659.413203448 3417721.158207289


21395659.413854990 3417721.157997625


21395659.415080182 3417721.157763873


21395659.415660739 3417721.156815637


21395659.415631566 3417721.157093146


21395659.414497860 3417721.156900929


21395659.414584603 3417721.157620864


21395659.415434644 3417721.158148519


21395659.413275562 3417721.157430360


21395659.416852556 3417721.158060737


21395659.414300803 3417721.156311445


21395659.414219480 3417721.156145905


21395659.413647234 3417721.157944211


21395659.416474696 3417721.158544951


21395659.414502330 3417721.158989303


21395659.416285049 3417721.158713139


21395659.415344607 3417721.158722330


21395659.411446560 3417721.161126067


21395659.412020028 3417721.161083500


21395659.412201863 3417721.161747060


21395659.411444571 3417721.160922789


21395659.414344922 3417721.159194139


21395659.411589518 3417721.159442848


21395659.412614040 3417721.158250014


21395659.412783239 3417721.157619987


21395659.413747925 3417721.158460712


21395659.414302565 3417721.158122622


21395659.415696181 3417721.158811301


21395659.414895583 3417721.158449496


21395659.416766491 3417721.159041101


21395659.414705757 3417721.158599202


21395659.413856432 3417721.158145464


21395659.412763637 3417721.158876926


21395659.415076748 3417721.157412756


21395659.410954192 3417721.156418080


21395659.410128940 3417721.156795775


21395659.411422584 3417721.157041875


21395659.412025176 3417721.158348177


21395659.413316835 3417721.158390998


21395659.413317736 3417721.158483397


21395659.413086407 3417721.159280364


21395659.413303781 3417721.158686830


21395659.412880093 3417721.159374791


21395659.412653688 3417721.159044334


21395659.412302565 3417721.155739564


21395659.410185430 3417721.157682338


21395659.409806848 3417721.158092632


21395659.412699517 3417721.158840588


21395659.412736453 3417721.159357712


21395659.414311506 3417721.155775374


21395659.413654096 3417721.158646443


21395659.408721909 3417721.162889964


21395659.411229633 3417721.165027800


21395659.408701226 3417721.164036023


21395659.409029637 3417721.163385960


21395659.409087438 3417721.162775503


21395659.410257764 3417721.161821504


21395659.411903933 3417721.160622596


21395659.408862207 3417721.159303167


21395659.411147363 3417721.159872246


21395659.411081433 3417721.159651109


21395659.410025034 3417721.160844255


21395659.408170387 3417721.161915830


21395659.412132643 3417721.156295671


21395659.412421007 3417721.156440706


21395659.412062157 3417721.157238921


21395659.412545044 3417721.157714722


21395659.413237672 3417721.158447215


21395659.412589613 3417721.157381618


21395659.412341665 3417721.156478444


21395659.412285130 3417721.157218261


21395659.412307803 3417721.156275478


21395659.412266709 3417721.155333320


21395659.413084920 3417721.154234910


21395659.413639829 3417721.157186539


21395659.411486793 3417721.153825453


21395659.412194643 3417721.154483871


21395659.413039267 3417721.154457135


21395659.413868312 3417721.154467514


21395659.413559679 3417721.153879121


21395659.416039001 3417721.154742005


21395659.414977722 3417721.155436195


21395659.414692435 3417721.155605318


21395659.412766527 3417721.159172602


21395659.412843157 3417721.158857666


21395659.412875399 3417721.158894315


21395659.411656216 3417721.158111522


21395659.412865646 3417721.157896405


21395659.411983725 3417721.157369059


21395659.412730854 3417721.158784837


21395659.411425292 3417721.157319072


21395659.410816647 3417721.158655693


21395659.411316425 3417721.157597358


21395659.412319135 3417721.159066085


21395659.413377341 3417721.158057737


21395659.412629213 3417721.159802317


21395659.413358465 3417721.159388596


21395659.413382757 3417721.158612132


21395659.414775878 3417721.157618994


21395659.415794346 3417721.159069084


21395659.420254163 3417721.166843202


21395659.426117256 3417721.173032673


21395659.434040140 3417721.181198023


21395659.444385130 3417721.189265774


21395659.457125504 3417721.201024910


21395659.470773712 3417721.212701250


21395659.485613201 3417721.225567247


21395659.501798801 3417721.240785730


21395659.519249730 3417721.258246600


21395659.537865341 3417721.275806975


21395659.556136288 3417721.292354232


21395659.573062427 3417721.311575981


21395659.588709727 3417721.332066974


21395659.605780542 3417721.353043057


21395659.627918422 3417721.372158424


21395659.646033939 3417721.389113795


21395659.663222611 3417721.405837965


21395659.679401252 3417721.423606974


21395659.693924159 3417721.441595463


21395659.711447332 3417721.459924260


21395659.729093876 3417721.477826775


21395659.747716393 3417721.494463005


21395659.765602261 3417721.510755284


21395659.785719406 3417721.530260033


21395659.803241994 3417721.550159770


21395659.823445566 3417721.568721113


21395659.843024198 3417721.588582275


21395659.861233551 3417721.605351915


21395659.880088028 3417721.624517851


21395659.897587501 3417721.642052175


21395659.912108593 3417721.659855864


21395659.927563448 3417721.676966611


21395659.947558228 3417721.693737282


21395659.967022434 3417721.711677479


21395659.986377005 3417721.731448421


21395660.197382208 3417721.937710525


21395660.215810604 3417721.958950565


21395660.234973848 3417721.980349759


21395660.254980545 3417721.998340096


21395660.274530999 3417722.015318410


21395660.295180749 3417722.032230532


21395660.314835913 3417722.048505521


21395660.338359412 3417722.069122836


21395660.351255383 3417722.087016337


21395660.367131528 3417722.104825265


21395660.388333477 3417722.124411821


21395660.407000471 3417722.143967706


21395660.425035883 3417722.162513277


21395660.448296398 3417722.182319975


21395660.467659369 3417722.199688232


21395660.487359550 3417722.218938315


21395660.507643003 3417722.237517359


21395660.525206722 3417722.256732878


21395660.544390876 3417722.275378112


21395660.565262880 3417722.292195655


21395660.583211277 3417722.313255572


21395660.600333791 3417722.331366507


21395660.617789544 3417722.350952712


21395660.635063779 3417722.371538695


21395660.651481878 3417722.389342329


21395660.672082316 3417722.407733460


21395660.690108784 3417722.428626279


21395660.709098950 3417722.446996186


21395660.714075416 3417722.465225827


21395660.733588342 3417722.483257956


21395660.753167242 3417722.499884841


21395660.772977289 3417722.515696277


21395660.792920046 3417722.533668762


21395660.811555970 3417722.550046120


21395660.832249340 3417722.568159119


21395660.849996936 3417722.586615096


21395660.865212057 3417722.606925500


21395660.881838769 3417722.626501326


21395660.900910847 3417722.643465831


21395660.920461383 3417722.663715383


21395660.939823449 3417722.680991242


21395660.959182575 3417722.699597804


21395661.143689770 3417722.869599303


21395661.164516613 3417722.888320892


21395661.180021089 3417722.905615970


21395661.198971741 3417722.924836417


21395661.217529055 3417722.941325434


21395661.233465709 3417722.958801103


21395661.249856308 3417722.975422186


21395661.269062813 3417722.991461301


21395661.287069324 3417723.007050105


21395661.304892819 3417723.025117227


21395661.323063966 3417723.041240387


21395661.342867598 3417723.059657789


21395661.361571211 3417723.078067460


21395661.377588194 3417723.098869029


21395661.393565938 3417723.117286859


21395661.413308159 3417723.135945122


21395661.432133552 3417723.152135815


21395661.453609321 3417723.160593787


21395661.474367440 3417723.175545808


21395661.492910124 3417723.190537961


21395661.508650444 3417723.207498067


21395661.525051109 3417723.226780397


21395661.546618987 3417723.244663076


21395661.564913634 3417723.262004811


21395661.580804318 3417723.278039370


21395661.599177036 3417723.295214009


21395661.616732627 3417723.313597938


21395661.632780857 3417723.331072518


21395661.649022352 3417723.348748507


21395661.833831381 3417723.521907418


21395661.852851752 3417723.541737075


21395661.872205865 3417723.558199824


21395661.888952009 3417723.575316435


21395661.907352358 3417723.595318486


21395661.925813757 3417723.615042717


21395661.945042208 3417723.630065131


21395661.965565924 3417723.645499965


21395661.987124048 3417723.662384733


21395662.006167900 3417723.678092769


21395662.021340400 3417723.694041939


21395662.038864065 3417723.714052558


21395662.056419291 3417723.732399528


21395662.073046137 3417723.747096218


21395662.089795485 3417723.766171845


21395662.112479147 3417723.784043618


21395662.133730263 3417723.800506310


21395662.153343927 3417723.817428562


21395662.357514489 3417724.019229516


21395662.376132213 3417724.038638033


21395662.395124592 3417724.055603320


21395662.414148662 3417724.072549819


21395662.432852268 3417724.090959490


21395662.451711617 3417724.110624389


21395662.471233979 3417724.127991091


21395662.489931852 3417724.144183032


21395662.507826690 3417724.163025686


21395662.526517160 3417724.178459953


21395662.543961350 3417724.196863453


21395662.565551128 3417724.215355809


21395662.584130019 3417724.230791169


21395662.602693830 3417724.247945460


21395662.620713342 3417724.264864813


21395662.639964495 3417724.283842063


21395662.659128912 3417724.302099381


21395662.678812604 3417724.321294183


21395662.698234990 3417724.338218306


21395662.717529271 3417724.356714614


21395662.735861301 3417724.371357680


21395662.754646096 3417724.388288033


21395662.772647683 3417724.405004263


21395662.791797914 3417724.425072913


21395662.808725715 3417724.442834605


21395662.827411938 3417724.461096596


21395662.846701566 3417724.477486051


21395662.865594283 3417724.495672098


21395662.884058431 3417724.514047148


21395662.904619940 3417724.531717883


21395662.924433231 3417724.547861960


21395662.943283595 3417724.564976489


21395662.955525920 3417724.599177129


21395662.977149606 3417724.616246073


21395662.996124413 3417724.633045199


21395663.012366496 3417724.649150252


21395663.029795695 3417724.666019928


21395663.048942722 3417724.684129563


21395663.065499708 3417724.703096182


21395663.084385969 3417724.718990578


21395663.104247618 3417724.735189626


21395663.126997244 3417724.751656158


21395663.145436831 3417724.767517954


21395663.165469982 3417724.784953592


21395663.184583455 3417724.804523600


21395663.200513918 3417724.822997340


21395663.217956711 3417724.839626623


21395663.235106446 3417724.855630397


21395663.251300883 3417724.871754397


21395663.458314732 3417725.064360722


21395663.477317758 3417725.082416321


21395663.499157149 3417725.100351792


21395663.519891597 3417725.119406957


21395663.540647451 3417725.137389980


21395663.559987869 3417725.157345883


21395663.579537183 3417725.175839701


21395663.599271085 3417725.193647898


21395663.614936985 3417725.209518320


21395663.631216589 3417725.224569558


21395663.650853094 3417725.240567510


21395663.668511182 3417725.259652741


21395663.685379826 3417725.274624293


21395663.702700924 3417725.290219798


21395663.718994565 3417725.308338839


21395663.739165116 3417725.328416001


21395663.757461693 3417725.347587399


21395663.773856297 3417725.369512658


21395663.792517316 3417725.388458714


21395663.809890479 3417725.407750026


21395663.826664884 3417725.424496732


21395663.845117517 3417725.440062697


21395663.860901266 3417725.458205203


21395663.880345237 3417725.474075668


21395663.901107766 3417725.492742445


21395663.918001197 3417725.515143349


21395663.936817870 3417725.532073393


21395663.955882221 3417725.546616895


21395663.976044599 3417725.567488845


21395663.987507246 3417725.585525726


21395664.004949179 3417725.600436234


21395664.019159365 3417725.620682536


21395664.029543128 3417725.640873826


21395664.045104850 3417725.657503012


21395664.061656825 3417725.674325819


21395664.078960855 3417725.691436980


21395664.095578253 3417725.706799103


21395664.112870362 3417725.722690598


21395664.128494259 3417725.744050459


21395664.142392527 3417725.758478114


21395664.155425124 3417725.774041604


21395664.168977764 3417725.795514117


21395664.183753520 3417725.813278360


21395664.199267384 3417725.825010398


21395664.215592496 3417725.844718547


21395664.230277311 3417725.862964200


21395664.251464754 3417725.876174763


21395664.271483812 3417725.892168979


21395664.288726699 3417725.912810719


21395664.305129204 3417725.930651473


21395664.322028417 3417725.947119735


21395664.333948888 3417725.967961343


21395664.348018106 3417725.983570148


21395664.363390181 3417726.000367522


21395664.384679444 3417726.019103080


21395664.409027461 3417726.032744794


21395664.435254604 3417726.044556946


21395664.460586142 3417726.059334905


21395664.485451318 3417726.072065969


21395664.509952135 3417726.088293609


21395664.537150770 3417726.109799094


21395664.556953851 3417726.128161064


21395664.574343402 3417726.144236423


21395664.777323693 3417726.294393054


21395664.798815615 3417726.307766975


21395664.821621411 3417726.323456733


21395664.840904534 3417726.339180919


21395664.863693483 3417726.354778436


21395664.882260222 3417726.370602028


21395664.903497420 3417726.385641780


21395664.925283842 3417726.399789049


21395664.944992594 3417726.416654933


21395664.966394611 3417726.432247522


21395664.985727765 3417726.446566619


21395665.008408841 3417726.459282062


21395665.028273016 3417726.475739833


21395665.046496850 3417726.492361486


21395665.066317268 3417726.505973522


21395665.087138593 3417726.520869485


21395665.108084545 3417726.535468526


21395665.128787473 3417726.548036970


21395665.151528653 3417726.562008575


21395665.170792535 3417726.579026658


21395665.190358777 3417726.594359965


21395665.210613228 3417726.606711011


21395665.231957495 3417726.621287678


21395665.251930896 3417726.637504122


21395665.267439835 3417726.650363585


21395665.284634229 3417726.662781500


21395665.301243275 3417726.678919931


21395665.317646317 3417726.696816126


21395665.338044133 3417726.712418529


21395665.357314434 3417726.726830649


21395665.376289319 3417726.746901018


21395665.393213775 3417726.761058839


21395665.415049639 3417726.775371961


21395665.431094021 3417726.794084849


21395665.449199360 3417726.811631740


21395665.651513986 3417726.973604618


21395665.668377019 3417726.994527296


21395665.683126852 3417727.012901688


21395665.702229626 3417727.026483773


21395665.721228361 3417727.042469482


21395665.736845210 3417727.063108632


21395665.756253909 3417727.077001917


21395665.778926540 3417727.087222434


21395665.799959686 3417727.099325611


21395665.822742723 3417727.112686917


21395665.843465243 3417727.130522417


21395665.862313882 3417727.144199397


21395665.881468628 3417727.158206051


21395665.897484373 3417727.177251890


21395665.912127327 3417727.196107847


21395665.930456191 3417727.207165522


21395665.944463603 3417727.211556617


21395665.958886698 3417727.229121013


21395665.976647738 3417727.239167749


21395666.000558250 3417727.248821722


21395666.020139258 3417727.260772757


21395666.041616816 3417727.275939533


21395666.063303176 3417727.286372986


21395666.086398862 3417727.299102862


21395666.107864100 3417727.308115397


21395666.128627852 3417727.322013919


21395666.148345809 3417727.339822274


21395666.166403111 3417727.352453538


21395666.186986331 3417727.364191482


21395666.203378443 3417727.384231647


21395666.219296355 3417727.398159046


21395666.237751383 3417727.405814879


21395666.257906176 3417727.419386684


21395666.277690690 3417727.434218858


21395666.299077179 3417727.441698189


21395666.324900541 3417727.454604708


21395666.347463127 3417727.468245392


21395666.363782324 3417727.479193336


21395666.382668804 3417727.493479837


21395666.398882870 3417727.513244519


21395666.414595146 3417727.522442647


21395666.433670554 3417727.536487040


21395666.450160336 3417727.555103171


21395666.470110402 3417727.564038103


21395666.492391497 3417727.571711989


21395666.512028407 3417727.586120530


21395666.527049579 3417727.598005236


21395666.544116013 3417727.600592207


21395666.557467140 3417727.606338872


21395666.566844136 3417727.614859649


21395666.574002717 3417727.619853640


21395666.580817133 3417727.625516335


21395666.584566966 3417727.630783900


21395666.592639446 3417727.633052171


21395666.600162525 3417727.636194443


21395666.609240692 3417727.636974361


21395666.618533976 3417727.640191743


21395666.624376077 3417727.639339942


21395666.631362308 3417727.641378568


21395666.636980575 3417727.638828651


21395666.637412392 3417727.638972282


21395666.638979264 3417727.642708730


21395666.634883486 3417727.642822683


21395666.632673021 3417727.640109012


21395666.629214566 3417727.636927016


21395666.625814401 3417727.634816383


21395666.626149628 3417727.636494929


21395666.626401994 3417727.641112856


21395666.628301434 3417727.644624275


21395666.630641904 3417727.642697800


21395666.635524780 3417727.639933290


21395666.635961428 3417727.635678261


21395666.636302531 3417727.634695405


21395666.629381679 3417727.639346470


21395666.628078103 3417727.638083980


21395666.627914734 3417727.637678981


21395666.626999985 3417727.638685926


21395666.626186520 3417727.638638432


21395666.626812682 3417727.639094351


21395666.628989916 3417727.638407739


21395666.628962964 3417727.637280626


21395666.628063291 3417727.636568636


21395666.629530832 3417727.636665183


21395666.628047537 3417727.636587271


21395666.628367230 3417727.636676555


21395666.626649223 3417727.635418117


21395666.627067994 3417727.635857581


21395666.627373915 3417727.636168778


21395666.627943769 3417727.635756614


21395666.628246266 3417727.635716695


21395666.628764868 3417727.634953883


21395666.628110439 3417727.634867870


21395666.628250469 3417727.634515352


21395666.626893423 3417727.634306836


21395666.626978360 3417727.634841971


21395666.626793765 3417727.635527593


21395666.626999535 3417727.635377729


21395666.626651030 3417727.635602914


21395666.627478991 3417727.635502414


21395666.628336303 3417727.635142887


21395666.628056478 3417727.634240024


21395666.626581542 3417727.633385804


21395666.627710503 3417727.634723926


21395666.627870440 3417727.634777809


21395666.627409272 3417727.634893204


21395666.627865203 3417727.634241893


21395666.626606692 3417727.634328119


21395666.628268622 3417727.633110575


21395666.627982069 3417727.633150338


21395666.627009746 3417727.633159840


21395666.626914468 3417727.633197736


21395666.628101636 3417727.632335981


21395666.627516560 3417727.632822220


21395666.629996967 3417727.633795985


21395666.628481254 3417727.633662945


21395666.627903990 3417727.633317437


21395666.626037199 3417727.634777243


21395666.627887689 3417727.633280631


21395666.626775887 3417727.633698092


21395666.626762837 3417727.633993925


21395666.627269655 3417727.633656303


21395666.627833735 3417727.632652785


21395666.627730642 3417727.633522427


21395666.628454249 3417727.634162210


21395666.628980488 3417727.632549171


21395666.629746675 3417727.632652572


21395666.627967209 3417727.633261373


21395666.629298776 3417727.637388233


21395666.629225582 3417727.638054286


21395666.629958626 3417727.638028639


21395666.629306722 3417727.638201344


21395666.629573181 3417727.637736700


21395666.628934693 3417727.637650532


21395666.628062528 3417727.638121095


21395666.628228836 3417727.637195391


21395666.628539994 3417727.638042503


21395666.629567176 3417727.638753246


21395666.628474608 3417727.637876808


21395666.627904933 3417727.638307452


21395666.628256328 3417727.638377943


21395666.627519492 3417727.638015513


21395666.629381727 3417727.637720090


21395666.629343346 3417727.637055130


21395666.629081219 3417727.637963287


21395666.628119238 3417727.637399760


21395666.627968691 3417727.638306829


21395666.629111521 3417727.636170279


21395666.628640555 3417727.636914145


21395666.627877437 3417727.637124898


21395666.626976639 3417727.637928410


21395666.627168458 3417727.637981980


21395666.626748968 3417727.637468596


21395666.626533400 3417727.638246927


21395666.626624707 3417727.637802479


21395666.629348442 3417727.642470180


21395666.631640915 3417727.640525693


21395666.631130479 3417727.640493718


21395666.630830158 3417727.640755394


21395666.630502827 3417727.641516339


21395666.629479617 3417727.641212150


21395666.630111199 3417727.642222465


21395666.627989594 3417727.642076865


21395666.628925703 3417727.641624159


21395666.628945298 3417727.640367220


21395666.628791142 3417727.640904692


21395666.631721150 3417727.640580353


21395666.630728014 3417727.640091057


21395666.630457535 3417727.641775523


21395666.630530734 3417727.641109471


21395666.630485624 3417727.641387136


21395666.630117387 3417727.641224400


21395666.630087856 3417727.641464949


21395666.629721060 3417727.641450052


21395666.630977407 3417727.641142069


21395666.630769420 3417727.642696554


21395666.630466025 3417727.642644074


21395666.630566765 3417727.641534196


21395666.631101448 3417727.642416085


21395666.630681958 3417727.641902702


21395666.630063921 3417727.642278373


21395666.630237453 3417727.642091861


21395666.631737765 3417727.642280496


21395666.631619871 3417727.641634793


21395666.632459208 3417727.642698522


21395666.630720206 3417727.640922805


21395666.631058142 3417727.642878548


21395666.630490635 3417727.643530949


21395666.630065363 3417727.642426210


21395666.630065002 3417727.642389251


21395666.630339228 3417727.642719239


21395666.630575433 3417727.642421226


21395666.631052185 3417727.642268715


21395666.630779222 3417727.642068085


21395666.632023420 3417727.642148333


21395666.631051823 3417727.642231755


21395666.631326996 3417727.641027763


21395666.630657166 3417727.640997347


21395666.633094896 3417727.645760251


21395666.632505897 3417727.644213554


21395666.633316655 3417727.643983852


21395666.633107450 3417727.643782600


21395666.633559544 3417727.644369591


21395666.633249778 3417727.645296698


21395666.632409897 3417727.644177529


21395666.633214466 3417727.644945893


21395666.632431973 3417727.644805688


21395666.633186381 3417727.645334280


21395666.633561842 3417727.646236209


21395666.632429626 3417727.644565450


21395666.632965390 3417727.645558219


21395666.633675635 3417727.644830497


21395666.632942587 3417727.644856141


21395666.633994244 3417727.644808902


21395666.634039536 3417727.644549717


21395666.632586319 3417727.644286695


21395666.632480334 3417727.644860659


21395666.632383980 3417727.644787674


21395666.633314669 3417727.643780575


21395666.632838462 3417727.643988525


21395666.632903483 3417727.644117261


21395666.632168096 3417727.643902668


21395666.631911974 3417727.643794283


21395666.632654641 3417727.643121688


21395666.631856751 3417727.643037077


21395666.632625472 3417727.643399196


21395666.628005620 3417727.645347947


21395666.627727423 3417727.644611403


21395666.628310103 3417727.645511305


21395666.628769822 3417727.645248071


21395666.628496319 3417727.644992002


21395666.627906010 3417727.644942326


21395666.627828166 3417727.643501524


21395666.627574753 3417727.643670334


21395666.628448140 3417727.644955510


21395666.626785357 3417727.644454276


21395666.627428718 3417727.645039398


21395666.626728687 3417727.643549232


21395666.626681954 3417727.643660577


21395666.627536014 3417727.642968412


21395666.626712792 3417727.641923009


21395666.626193289 3417727.642593422


21395666.626254879 3417727.642371041


21395666.626519844 3417727.643384939


21395666.626090378 3417727.643481543


21395666.626039714 3417727.641559955


21395666.625598460 3417727.642081751


21395666.625612777 3417727.641915277


21395666.625320625 3417727.641382167


21395666.627436087 3417727.640899454


21395666.627452567 3417727.640954738


21395666.626735460 3417727.640980227


21395666.626081754 3417727.640968135


21395666.626811370 3417727.640591372


21395666.625169221 3417727.640570456


21395666.626804870 3417727.639926100


21395666.626611784 3417727.639743170


21395666.625524815 3417727.639439605


21395666.630775791 3417727.641716968


21395666.630881768 3417727.641143004


21395666.630049653 3417727.640818468


21395666.630465534 3417727.640962256


21395666.630379513 3417727.640316241


21395666.630367365 3417727.640704473


21395666.629671253 3417727.641247241


21395666.630428415 3417727.640426653


21395666.630148407 3417727.639505311


21395666.629890122 3417727.639175166


21395666.630217768 3417727.640077562


21395666.630144570 3417727.640743613


21395666.630690899 3417727.639555453


21395666.629643396 3417727.640027729


21395666.629530918 3417727.639936422


21395666.629483458 3417727.639973848


21395666.629566453 3417727.638679327


21395666.630064920 3417727.639118014


21395666.630400918 3417727.639244101


21395666.629207607 3417727.639477541


21395666.629536018 3417727.638827477


21395666.629730549 3417727.639158244


21395666.628995333 3417727.638962132


21395666.628697768 3417727.637874627


21395666.628960565 3417727.638666766


21395666.629672974 3417727.638160802


21395666.628566816 3417727.637524758


21395666.629400376 3417727.637997132


21395666.628706302 3417727.637116798


21395666.628707338 3417727.638854057


21395666.629880190 3417727.638158777


21395666.629192438 3417727.637925238


21395666.630477764 3417727.643845261


21395666.629921142 3417727.643980073


21395666.630093768 3417727.643701162


21395666.629948143 3417727.643480806


21395666.631229460 3417727.644096658


21395666.630701460 3417727.643898520


21395666.631291769 3417727.643948197


21395666.630912159 3417727.642621233


21395666.631125871 3417727.643284480


21395666.632108849 3417727.644365286


21395666.632137299 3417727.644013859


21395666.631285090 3417727.643264443


21395666.631859280 3417727.643295795


21395666.631026261 3417727.642878860


21395666.632097833 3417727.643238018


21395666.631729413 3417727.643056804


21395666.632021025 3417727.643534475


21395666.631030958 3417727.643359335


21395666.629358601 3417727.641878671


21395666.630494293 3417727.642274167


21395666.631287120 3417727.641841342


21395666.630504273 3417727.641664177


21395666.631799176 3417727.642039636


21395666.631916765 3417727.641022000


21395666.632125016 3417727.642757233


21395666.632774752 3417727.642362770


21395666.631933562 3417727.642740622


21395666.630588304 3417727.642106913


21395666.632845011 3417727.643027419


21395666.631890304 3417727.641576706


21395666.632772893 3417727.650328347


21395666.630445335 3417727.650314130


21395666.630781151 3417727.650421738


21395666.632458609 3417727.650793458


21395666.630651645 3417727.650219706


21395666.630797271 3417727.650440061


21395666.630347893 3417727.650130266


21395666.631444480 3417727.649786881


21395666.631545898 3417727.650377301


21395666.630564544 3417727.649462812


21395666.630780429 3417727.650347818


21395666.630896930 3417727.649219303


21395666.632046755 3417727.649429846


21395666.631937522 3417727.649671174


21395666.633254379 3417727.649029932


21395666.631312266 3417727.649307652


21395666.633816421 3417727.649449514


21395666.631969586 3417727.649689341


21395666.632340711 3417727.650147754


21395666.632167902 3417727.650408186


21395666.632136926 3417727.650500896


21395666.633222993 3417727.650712061


21395666.632868346 3417727.650308932


21395666.632086173 3417727.651832066


21395666.632820707 3417727.650327879


21395666.634401627 3417727.650608134


21395666.632187322 3417727.649132767


21395666.633871824 3417727.650225200


21395666.634120900 3417727.649612872


21395666.631960146 3417727.650354770


21395666.631180730 3417727.650528722


21395666.631036010 3417727.650400765


21395666.631509859 3417727.649952576


21395666.626907807 3417727.650459590


21395666.626971792 3417727.648851069


21395666.627307069 3417727.648903237


21395666.628029231 3417727.649395182


21395666.628342610 3417727.648837672


21395666.627619542 3417727.648253326


21395666.627614260 3417727.649343791


21395666.627774198 3417727.649397674


21395666.628144965 3417727.649819126


21395666.628075786 3417727.649265355


21395666.628142618 3417727.649578888


21395666.629352178 3417727.651008632


21395666.627891734 3417727.650006418


21395666.629219424 3417727.650473963


21395666.629277945 3417727.649937426


21395666.628244933 3417727.650261708


21395666.627940275 3417727.650079869


21395666.628805898 3417727.650570413


21395666.628146227 3417727.649948486


21395666.629447274 3417727.650952257


21395666.628777988 3417727.650977279


21395666.628262680 3417727.650446350


21395666.629077412 3417727.650623204


21395666.629277356 3417727.651508364


21395666.629638009 3417727.650894948


21395666.629133720 3417727.651491288


21395666.628982317 3417727.650679577


21395666.629273746 3417727.651138768


21395666.628610104 3417727.650110287


21395666.628835790 3417727.650366823


21395666.628902979 3417727.650717317


21395666.628326081 3417727.650408767


21395666.629125051 3417727.650604256


21395666.628818948 3417727.650274579


21395666.628947679 3417727.652029070


21395666.628582198 3417727.650517154


21395666.628918916 3417727.650717161


21395666.629895754 3417727.651169653


21395666.629258346 3417727.651194365


21395666.630423024 3417727.651293871


21395666.629910789 3417727.651077098


21395666.629732020 3417727.650727695


21395666.630070731 3417727.651130979


21395666.629409257 3417727.650324255


21395666.629922938 3417727.650688866


21395666.629407629 3417727.650157938


21395666.629905008 3417727.650485745


21395666.629138641 3417727.650363863


21395666.628599580 3417727.650664836


21395666.630330279 3417727.651590483


21395666.629198741 3417727.651620023


21395666.629428398 3417727.652283115


21395666.628860939 3417727.651309136


21395666.628772750 3417727.650441365


21395666.629027244 3417727.650383433


21395666.630137376 3417727.651426035


21395666.630012073 3417727.650022659


21395666.629301470 3417727.650713422


21395666.629031036 3417727.650771509


21395666.629620805 3417727.650765745


21395666.628511891 3417727.651478882


21395666.628751755 3417727.649924086


21395666.629223756 3417727.650917478


21395666.628413048 3417727.649520800


21395666.628751393 3417727.649887126


21395666.628496721 3417727.649926579


21395666.628675535 3417727.648649603


21395666.627722405 3417727.648991586


21395666.628794339 3417727.649387705


21395666.625134576 3417727.648443947


21395666.624899141 3417727.647189499


21395666.625645369 3417727.648512880


21395666.624329645 3417727.647638623


21395666.625597235 3417727.646850009


21395666.625248548 3417727.647056715


21395666.625557363 3417727.647663588


21395666.626920592 3417727.646874040


21395666.626019072 3417727.647603631


21395666.625315197 3417727.647351767


21395666.626003854 3417727.647677706


21395666.625692334 3417727.646793636


21395666.626655396 3417727.647468041


21395666.625132456 3417727.646595808


21395666.625081122 3417727.642973922


21395666.625378691 3417727.644061427


21395666.625247918 3417727.643730037


21395666.625356741 3417727.645078128


21395666.625627045 3417727.643375183


21395666.625522871 3417727.644133945


21395666.624241736 3417727.643536573


21395666.623487875 3417727.643063419


21395666.625228912 3417727.643416036


21395666.624133635 3417727.642262400


21395666.625079315 3417727.642789124


21395666.625957850 3417727.641338976


21395666.624987695 3417727.641570236


21395666.623876024 3417727.643632554


21395666.623341527 3417727.642769144


21395666.623253837 3417727.643583190


21395666.623146411 3417727.644009316


21395666.623156570 3417727.643417807


21395666.623055696 3417727.642882826


21395666.623100627 3417727.642586682


21395666.624679375 3417727.642645180


21395666.623829335 3417727.642117522


21395666.624875758 3417727.641534367


21395666.624557190 3417727.639929583


21395666.624191437 3417727.641651944


21395666.624247067 3417727.640819728


21395666.623469092 3417727.641141518


21395666.623823375 3417727.641507688


21395666.623826083 3417727.641784885


21395666.623817191 3417727.642505754


21395666.622147907 3417727.641339245


21395666.623026211 3417727.641496997


21395666.623160999 3417727.640608564


21395666.622795831 3417727.640759985


21395666.622453827 3417727.641650442


21395666.622817863 3417727.643014521


21395666.622360360 3417727.641873136


21395666.622837465 3417727.641757583


21395666.621401805 3417727.641660723


21395666.622020569 3417727.641358972


21395666.622872282 3417727.640426569


21395666.622916490 3417727.640056506


21395666.622368399 3417727.639433489


21395666.622702722 3417727.641019638


21395666.622331053 3417727.640505785


21395666.622903436 3417727.640352339


21395666.622007925 3417727.640065385


21395666.621751986 3417727.639975480


21395666.622716315 3417727.640779244


21395666.622667592 3417727.640687313


21395666.622455683 3417727.640208862


21395666.622920461 3417727.640463062


21395666.622074030 3417727.640305000


21395666.623022597 3417727.641127400


21395666.622438069 3417727.641669079


21395666.622636795 3417727.640798503


21395666.623313848 3417727.641568112


21395666.625430703 3417727.649383612


21395666.625824269 3417727.650507142


21395666.625256270 3417727.649477726


21395666.626448490 3417727.649133405


21395666.626953643 3417727.650255845


21395666.625972062 3417727.650949256


21395666.626029316 3417727.650283360


21395666.626054831 3417727.651262634


21395666.625980731 3417727.651836287


21395666.626807969 3417727.651661868


21395666.625332668 3417727.650770688


21395666.625741139 3417727.650156805


21395666.624699779 3417727.651257395


21395666.625657424 3417727.651377408


21395666.626119673 3417727.651372891


21395666.625310406 3417727.650124052


21395666.626434132 3417727.650926258


21395666.625764664 3417727.650932800


21395666.625891458 3417727.650857636


21395666.625765387 3417727.651006720


21395666.625930745 3417727.651614997


21395666.625767734 3417727.651246958


21395666.626246061 3417727.652887144


21395666.624771118 3417727.652032923


21395666.626884189 3417727.652936352


21395666.625095874 3417727.652639641


21395666.625371590 3417727.651491089


21395666.626002088 3417727.652390525


21395666.624751750 3417727.651681963


21395666.623944554 3417727.653907640


21395666.623004116 3417727.653916831


21395666.623803444 3417727.654149279


21395666.623983119 3417727.654591082


21395666.623223659 3417727.653545053


21395666.623472147 3417727.654503667


21395666.622847792 3417727.654232545


21395666.623930246 3417727.654074115


21395666.624620754 3417727.652958472


21395666.623488627 3417727.654558951


21395666.623897098 3417727.653945068


21395666.624656785 3417727.653383195


21395666.625290945 3417727.653025848


21395666.624915794 3417727.653787259


21395666.625248183 3417727.653543751


21395666.624732465 3417727.654602239


21395666.625234000 3417727.655355083


21395666.624969576 3417727.654396625


21395666.625151772 3417727.655097145


21395666.624636464 3417727.654566216


21395666.622997794 3417727.653270037


21395666.625088014 3417727.655097768


21395666.622855604 3417727.653400797


21395666.623170599 3417727.653009607


21395666.624135654 3417727.653887291


21395666.622311350 3417727.651539478


21395666.621359486 3417727.652010819


21395666.622313339 3417727.651742756


21395666.621493187 3417727.651011507


21395666.621751476 3417727.651341652


21395666.621733189 3417727.651101571


21395666.621963616 3417727.650212203


21395666.621987686 3417727.651043638


21395666.621595014 3417727.650012508


21395666.621933721 3417727.650415792


21395666.622177694 3417727.650912411


21395666.621554285 3417727.649107308


21395666.621296003 3417727.648777165


21395666.620449573 3417727.648619102


21395666.622748863 3417727.649003226


21395666.621210840 3417727.649849928


21395666.621046565 3417727.649352530


21395666.622863099 3417727.650905712


21395666.620113529 3417727.650119394


21395666.621766198 3417727.649585758


21395666.621544130 3417727.649698818


21395666.621884096 3417727.650231462


21395666.621335287 3417727.649534525


21395666.620441038 3417727.649376930


21395666.620998431 3417727.647689660


21395666.620875973 3417727.648208340


21395666.620093074 3417727.649657554


21395666.619990751 3417727.648974737


21395666.619548779 3417727.649422612


21395666.620353527 3417727.650209456


21395666.619992737 3417727.649178013


21395666.619810674 3417727.650122353


21395666.620092712 3417727.649620595


21395666.620495901 3417727.650097176


21395666.620894980 3417727.648522342


21395666.619628523 3417727.647795455


21395666.620837905 3417727.649206718


21395666.619302589 3417727.650330616


21395666.618871905 3417727.648671484


21395666.620479468 3417727.648415513


21395666.620028414 3417727.649565778


21395666.619951241 3417727.649825274


21395666.621733956 3417727.649549110


21395666.620832257 3417727.650260222


21395666.621493600 3417727.649422088


21395666.620782092 3417727.650020453


21395666.621111225 3417727.649444307


21395666.621115379 3417727.649869343


21395666.621606622 3417727.649568836


21395666.620532520 3417727.648950960


21395666.620492697 3417727.648138158


21395666.620152500 3417727.649213416


21395666.620475676 3417727.648027437


21395666.620494321 3417727.648304477


21395666.620587070 3417727.648007866


21395666.619739737 3417727.647757404


21395666.620332219 3417727.648028839


21395666.618250079 3417727.648659078


21395666.618951421 3417727.648652225


21395666.618175481 3417727.647550912


21395666.619312618 3417727.648094247


21395666.618195936 3417727.648012752


21395666.618078582 3417727.647422488


21395666.618392631 3417727.648565278


21395666.617429204 3417727.647853911


21395666.618706733 3417727.648081686


21395666.618357141 3417727.648195994


21395666.618865404 3417727.648006209


21395666.618707094 3417727.648118646


21395666.618010670 3417727.646998076


21395666.617772836 3417727.647129772


21395666.617704563 3417727.646668398


21395666.618656565 3417727.647841917


21395666.618556052 3417727.647343896


21395666.619037539 3417727.646045480


21395666.618023720 3417727.646702243


21395666.617817767 3417727.646833626


21395666.618379492 3417727.645589871


21395666.618289586 3417727.647808540


21395666.617818490 3417727.646907546


21395666.618720863 3417727.647896732


21395666.618852582 3417727.646694143


21395666.618360616 3417727.646920730


21395666.618746419 3417727.647249627


21395666.618057404 3417727.646886729


21395666.618928488 3417727.646305288


21395666.619351231 3417727.647151310


21395666.619563501 3417727.647666720


21395666.617925368 3417727.646425981


21395666.618105765 3417727.646941702


21395666.619250529 3417727.646634809


21395666.618982267 3417727.646914655


21395666.616591495 3417727.646956501


21395666.617707271 3417727.646945597


21395666.618171509 3417727.647144356


21395666.620351542 3417727.650006178


21395666.620154981 3417727.651098512


21395666.619660851 3417727.651103341


21395666.621475443 3417727.650826865


21395666.620808687 3417727.651110605


21395666.620361473 3417727.651022566


21395666.620503668 3417727.650891806


21395666.619690020 3417727.650825832


21395666.619977657 3417727.650896947


21395666.619493686 3417727.650310266


21395666.619615920 3417727.651399484


21395666.620093748 3417727.651357852


21395666.618801009 3417727.651204151


21395666.620539159 3417727.651261092


21395666.618851762 3417727.649872982


21395666.619233418 3417727.649776845


21395666.619404551 3417727.650976475


21395666.620361879 3417727.649433147


21395666.619668480 3417727.650253115


21395666.619152632 3417727.649666744


21395666.619807061 3417727.649752756


21395666.618486598 3417727.650024404


21395666.619028363 3417727.650000628


21395666.618625719 3417727.649579486


21395666.618486598 3417727.650024404


21395666.618568100 3417727.650208423


21395666.618719734 3417727.649412234


21395666.618770618 3417727.649725923


21395666.617857367 3417727.649254326


21395666.618412182 3417727.648934719


21395666.619263850 3417727.649628696


21395666.618268546 3417727.648917641


21395666.619034011 3417727.648947123


21395666.619545165 3417727.649053017


21395666.618085213 3417727.649732621


21395666.619055189 3417727.649482882


21395666.619203884 3417727.650017394


21395666.619293872 3417727.651069964


21395666.619486284 3417727.649552595


21395666.619462937 3417727.648795079


21395666.620210841 3417727.648658399


21395666.619583186 3417727.649681018


21395666.620267872 3417727.649600400


21395666.619421620 3417727.649460819


21395666.619885139 3417727.649585659


21395666.620246328 3417727.649027682


21395666.620201584 3417727.649342306


21395666.620035820 3417727.650323451


21395666.619972959 3417727.650416472


21395666.620190833 3417727.651504755


21395666.619984698 3417727.651617660


21395666.620038118 3417727.652190067


21395666.619789042 3417727.652802393


21395666.620568097 3417727.652591482


21395666.620467585 3417727.652093462


21395666.620099526 3417727.651949207


21395666.620527551 3417727.651704763


21395666.619355828 3417727.650884542


21395666.619762629 3417727.651730719


21395666.620438233 3417727.652352491


21395666.619657733 3417727.652415564


