21395656.614762660 3417718.301434004


21395656.616085116 3417718.301365633


21395656.615063168 3417718.307714802


21395656.614537969 3417718.304541104


21395656.614762709 3417718.299807625


21395656.615126882 3417718.302816562


21395656.614617042 3417718.301213648


21395656.614127602 3417718.301698952


21395656.614581548 3417718.300844364


21395656.614517473 3417718.299181648


21395656.614555765 3417718.303099368


21395656.617320422 3417718.302166751


21395656.617217828 3417718.304718210


21395656.617721263 3417718.302403093


21395656.618280098 3417718.300863661


21395656.616026416 3417718.301883692


21395656.615674250 3417718.303365660


21395656.616382960 3417718.299218860


21395656.615573421 3417718.301204301


21395656.615382820 3417718.302906469


21395656.613897767 3417718.301017381


21395656.615659576 3417718.303495174


21395656.615828816 3417718.301238769


21395656.616327461 3417718.301695934


21395656.614944864 3417718.302134524


21395656.614907116 3417718.304796238


21395656.615981214 3417718.305414115


21395656.616616588 3417718.306812504


21395656.614548899 3417718.302397135


21395656.613170948 3417718.304942579


21395656.613284741 3417718.303536866


21395656.613714568 3417718.310001216


21395656.612480346 3417718.309310979


21395656.612579551 3417718.311306019


21395656.612489969 3417718.308664030


21395656.611253943 3417718.307788994


21395656.611782841 3417718.308079530


21395656.609595895 3417718.306141858


21395656.610321127 3417718.306947959


21395656.609745268 3417718.308376669


21395656.612285323 3417718.307298394


21395656.611357525 3417718.308601172


21395656.612206936 3417718.305802153


21395656.613022890 3417718.307734742


21395656.612614822 3417718.306759208


21395656.610935550 3417718.306202692


21395656.611095082 3417718.314369989


21395656.610959433 3417718.313539643


21395656.611784328 3417718.313124987


21395656.612155274 3417718.313564918


21395656.611046631 3417718.311043778


21395656.610189319 3417718.311403307


21395656.611977547 3417718.314952774


21395656.611418441 3417718.313202489


21395656.612489961 3417718.315188027


21395656.611740075 3417718.315121430


21395656.612503916 3417718.314984593


21395656.611340139 3417718.314977485


21395656.612957545 3417718.312466664


21395656.613124032 3417718.311559440


21395656.615666028 3417718.312310823


21395656.613127463 3417718.311910557


21395656.614052285 3417718.313564860


21395656.612540763 3417718.312230478


21395656.613333594 3417718.311797652


21395656.612778641 3417718.310472403


21395656.614409320 3417718.312581846


21395656.613295529 3417718.312796030


21395656.613793906 3417718.309963478


21395656.613327183 3417718.314403618


21395656.613464814 3417718.315437241


21395656.614584524 3417718.310935274


21395656.615147650 3417718.311465735


21395656.611720480 3417718.309854371


21395656.613840234 3417718.311441551


21395656.614931405 3417718.310543770


21395656.615389053 3417718.313330016


21395656.615042936 3417718.312169060


21395656.616557434 3417718.310546360


21395656.614542842 3417718.318088051


21395656.615253851 3417718.315807869


21395656.615163501 3417718.314718339


21395656.615468021 3417718.313255319


21395656.614435647 3417718.310382283


21395656.614363126 3417718.312748632


21395656.615547001 3417718.313180620


21395656.616156094 3417718.315152196


21395656.615093328 3417718.310800930


21395656.615675963 3417718.313327211


21395656.616268262 3417718.313580166


21395656.615799189 3417718.317780068


21395656.616708744 3417718.314610829


21395656.614647828 3417718.314150450


21395656.615191996 3417718.312740531


21395656.615060046 3417718.315551021


21395656.615001936 3417718.314498140


21395656.614939395 3417718.316254500


21395656.614615183 3417718.315703221


21395656.615311019 3417718.318394731


21395656.615408283 3417718.318560113


21395656.614095312 3417718.316336676


21395656.615443818 3417718.317303020


21395656.615413614 3417718.315843271


21395656.613530740 3417718.315658376


21395656.612797335 3417718.309123065


21395656.612101588 3417718.309702795


21395656.612761933 3417718.312025019


21395656.614073504 3417718.312474239


21395656.612789657 3417718.311599671


21395656.612695102 3417718.311711485


21395656.611904487 3417718.310739689


21395656.611915100 3417718.306932380


21395656.610922277 3417718.308106423


21395656.612339556 3417718.311215957


21395656.610561129 3417718.307038021


21395656.611762613 3417718.306009792


21395656.611168463 3417718.307198419


21395656.611263648 3417718.310413284


21395656.611441288 3417718.312278186


21395656.611622311 3417718.309596588


21395656.611770783 3417718.311739000


21395656.611408237 3417718.308896381


21395656.610694874 3417718.310936327


21395656.611941423 3417718.311256812


21395656.609228019 3417718.306016082


21395656.609978314 3417718.311017256


21395656.611317288 3417718.309377791


21395656.610020172 3417718.310406955


21395656.611967072 3417718.313880945


21395656.610685572 3417718.313246614


21395656.611750416 3417718.314548400


21395656.611928053 3417718.316413302


21395656.611149266 3417718.313389936


21395656.611488018 3417718.312166840


21395656.610263012 3417718.312419074


21395656.610121585 3417718.310997374


21395656.611002065 3417718.311376882


21395656.612146966 3417718.312714848


21395656.612004593 3417718.312827128


21395656.611999895 3417718.312346654


21395656.612732850 3417718.315573765


21395656.611612331 3417718.316730576


21395656.612891614 3417718.318769526


21395656.611863710 3417718.317984865


21395656.611424170 3417718.315420221


21395656.611343209 3417718.315291642


21395656.611395184 3417718.315716209


21395656.611111380 3417718.314406793


21395656.611547537 3417718.308469943


21395656.612291418 3417718.309553086


21395656.612926297 3417718.309269657


21395656.613037519 3417718.309231607


21395656.614284106 3417718.314449710


21395656.613742970 3417718.311276167


21395656.614033230 3417718.308353242


21395656.614344798 3417718.314134930


21395656.612584610 3417718.311823454


21395656.613620196 3417718.310131510


21395656.613204997 3417718.311688019


21395656.612264913 3417718.311734171


21395656.612461291 3417718.310623357


21395656.611019809 3417718.311561524


21395656.612552822 3417718.308571008


21395656.611759268 3417718.308929914


21395656.611990776 3417718.308151425


21395656.613241073 3417718.310486365


21395656.613692261 3417718.310980957


21395656.612407692 3417718.310032471


21395656.612076800 3417718.308797439


21395656.612266224 3417718.310237151


21395656.610915501 3417718.310675429


21395656.611193385 3417718.309748632


21395656.610503014 3417718.305985140


21395656.610772137 3417718.307424072


21395656.611154463 3417718.309028232


21395656.611600682 3417718.312276628


21395656.610617753 3417718.309569444


21395656.610431757 3417718.308480849


21395656.610447023 3417718.306780395


21395656.611859698 3417718.306156696


21395656.611963503 3417718.305360974


21395656.611765951 3417718.309613667


21395656.610575214 3417718.308479446


21395656.611981113 3417718.310424753


21395656.612792909 3417718.311932308


21395656.612940073 3417718.309047745


21395656.611679297 3417718.312164970


21395656.611908644 3417718.311164724


21395656.610736284 3417718.307017828


21395656.611901641 3417718.308817633


21395656.611360956 3417718.308952288


21395656.613753263 3417718.312329517


21395656.614157580 3417718.311290596


21395656.613435332 3417718.307527415


21395656.612815443 3417718.309344667


21395656.613257058 3417718.308859829


21395656.613929551 3417718.310793823


21395656.614075355 3417718.311032658


21395656.613125075 3417718.306772702


21395656.613152981 3417718.306365835


21395656.613042980 3417718.308159624


21395656.612780765 3417718.305796545


21395656.613209784 3417718.302391741


21395656.613843307 3417718.305231712


21395656.612870805 3417718.305222734


21395656.612089761 3417718.305230368


21395656.613017291 3417718.307161869


21395656.613695603 3417718.308060836


21395656.613173880 3417718.310135872


21395656.615404945 3417718.308432243


21395656.613942917 3417718.312161329


21395656.615508530 3417718.309244419


21395656.614302982 3417718.306594856


21395656.614578970 3417718.308736021


21395656.614388190 3417718.303895714


21395656.614236291 3417718.307926181


21395656.614246182 3417718.304044954


21395656.614579964 3417718.305575662


21395656.614151627 3417718.304156768


21395656.614653070 3417718.308162369


21395656.615391895 3417718.308728076


21395656.614511419 3417718.308348568


21395656.613830935 3417718.307227844


21395656.613550615 3417718.304643162


21395656.613520678 3417718.306473130


21395656.612875227 3417718.308937488


21395656.614042845 3417718.307706293


21395656.614864800 3417718.308622338


21395656.614200890 3417718.304304139


21395656.616004150 3417718.307761051


21395656.612708654 3417718.306573476


21395656.614090484 3417718.307687346


21395656.613491230 3417718.309984918


21395656.613501754 3417718.309430368


21395656.611500353 3417718.305273092


21395656.613098249 3417718.307290449


21395656.612310570 3417718.304987951


21395656.612751596 3417718.306074052


21395656.611760490 3417718.304161655


21395656.612123396 3417718.307041234


21395656.611890264 3417718.307653404


21395656.612285145 3417718.307279914


21395656.614340100 3417718.307130459


21395656.612842042 3417718.303910825


21395656.612217411 3417718.306873982


21395656.613495115 3417718.307120236


21395656.613254350 3417718.308582634


21395656.612645570 3417718.308274396


21395656.613898303 3417718.307596817


21395656.611577291 3417718.306621496


21395656.610573590 3417718.314837124


21395656.611212663 3417718.313352352


21395656.610103570 3417718.314047011


21395656.610907555 3417718.309862316


21395656.611131523 3417718.313205293


21395656.610294171 3417718.312344842


21395656.611704722 3417718.309873007


21395656.610949595 3417718.309270495


21395656.611749426 3417718.311184761


21395656.612061761 3417718.308889994


21395656.610306226 3417718.308685373


21395656.609161146 3417718.307328928


21395656.609487161 3417718.308065005


21395656.609530825 3417718.307639503


21395656.608078193 3417718.305805541


21395656.609223370 3417718.303909229


21395656.607658297 3417718.300357582


21395656.607742783 3417718.304108515


21395656.610808846 3417718.309549095


21395656.611881502 3417718.316543128


21395656.611008879 3417718.313705495


21395656.609135993 3417718.312910609


21395656.609247208 3417718.312872559


21395656.609715462 3417718.311851496


21395656.610085960 3417718.308983232


21395656.610486526 3417718.312453852


21395656.610786811 3417718.313818554


21395656.610339954 3417718.313767477


21395656.609846544 3417718.313846226


21395656.607891697 3417718.316083120


21395656.609978676 3417718.311054216


21395656.609198667 3417718.312799107


21395656.610911347 3417718.316774389


21395656.609951220 3417718.308245285


21395656.608754795 3417718.303266953


21395656.609130576 3417718.305832220


21395656.608730774 3417718.307333135


21395656.610007029 3417718.307431550


21395656.609673381 3417718.307545701


21395656.608931892 3417718.305076417


21395656.609310243 3417718.306274021


21395656.608305413 3417718.302957159


21395656.608662948 3417718.303655964


21395656.608756915 3417718.305115091


21395656.608151074 3417718.303476151


21395656.607469819 3417718.303907885


21395656.608445395 3417718.304231019


21395656.609713793 3417718.306787561


21395656.608015157 3417718.305880083


21395656.609052502 3417718.305999316


21395656.607199345 3417718.305592352


21395656.609104428 3417718.308050264


21395656.608680468 3417718.311972501


21395656.607809745 3417718.312590904


21395656.607813269 3417718.309689261


21395656.608278409 3417718.309980420


21395656.608145829 3417718.309464233


21395656.609134953 3417718.311173351


21395656.608681686 3417718.313728239


21395656.609264456 3417718.311375383


21395656.608322658 3417718.307983978


21395656.610283289 3417718.306338436


21395656.610179208 3417718.303844442


21395656.609551914 3417718.304904022


21395656.610605970 3417718.303470640


21395656.609727930 3417718.306602608


21395656.607658025 3417718.303591859


21395656.608810514 3417718.305705977


21395656.607885111 3417718.305622614


21395656.608712845 3417718.307130012


21395656.609840140 3417718.309928193


21395656.608574804 3417718.314209805


21395656.609438710 3417718.311262790


21395656.608917352 3417718.306850790


21395656.609005768 3417718.306110662


21395656.608763777 3417718.305817323


21395656.608423043 3417718.300313143


21395656.607200157 3417718.302413514


21395656.608191937 3417718.299502213


21395656.608056296 3417718.298671868


21395656.607789561 3417718.302370790


21395656.608127639 3417718.305971392


21395656.609082710 3417718.307459065


21395656.609291326 3417718.309231258


21395656.608930357 3417718.308181336


21395656.610740617 3417718.307461343


21395656.609303292 3417718.308824546


21395656.608365558 3417718.309110935


21395656.608276423 3417718.309777142


21395656.608453430 3417718.308315368


21395656.607998718 3417718.310722416


21395656.608648092 3417718.310290994


21395656.612104747 3417718.313288190


21395656.610975739 3417718.313576446


21395656.609028026 3417718.306757300


21395656.611320678 3417718.311355287


21395656.611540586 3417718.311020469


21395656.610663898 3417718.311029037


21395656.611740708 3417718.311924110


21395656.612048574 3417718.314064965


21395656.611741159 3417718.315232308


21395656.612351522 3417718.310809246


21395656.612293359 3417718.311382744


21395656.612503421 3417718.313302775


21395656.611004412 3417718.311617120


21395656.612193391 3417718.310940162


21395656.611901280 3417718.308780673


21395656.611786678 3417718.306841228


21395656.611589894 3417718.309541461


21395656.611264959 3417718.308916265


21395656.612695377 3417718.308477206


21395656.611555710 3417718.307675156


21395656.611561038 3417718.311482308


21395656.613340370 3417718.309228647


21395656.612033136 3417718.309222943


21395656.611793902 3417718.307580420


21395656.612654194 3417718.310787807


21395656.612241976 3417718.309387235


21395656.611008115 3417718.308733959


21395656.611740801 3417718.308671352


21395656.611524012 3417718.307693947


21395656.612322215 3417718.309441897


21395656.613319192 3417718.308692889


21395656.612386111 3417718.304562136


21395656.611941788 3417718.304769775


21395656.613030382 3417718.305239657


21395656.612070385 3417718.304879408


21395656.611182190 3417718.302078891


21395656.611328993 3417718.299157366


21395656.611650899 3417718.304366025


21395656.612083390 3417718.306209955


21395656.610955056 3417718.308198511


21395656.612669956 3417718.304245175


21395656.611832198 3417718.304974144


21395656.611387916 3417718.303555404


21395656.611429010 3417718.304497563


21395656.611976191 3417718.305028181


21395656.611781079 3417718.306268354


21395656.611587182 3417718.309264264


21395656.610876530 3417718.305057411


21395656.611682143 3417718.307563031


21395656.610653877 3417718.306741410


21395656.611245405 3417718.308546823


21395656.611231677 3417718.307142358


21395656.609572913 3417718.305421302


21395656.611086506 3417718.310230198


21395656.611452758 3417718.310189657


21395656.611785006 3417718.314825284


21395656.612853732 3417718.313262388


21395656.613535710 3417718.312904573


21395656.614112202 3417718.314802540


21395656.611672930 3417718.313144557


21395656.612040181 3417718.309943655


21395656.609295655 3417718.316198770


21395656.609948099 3417718.316081504


21395656.609861314 3417718.316987948


21395656.609821621 3417718.317820007


21395656.609220024 3417718.313353346


21395656.606861036 3417718.310123643


21395656.609142672 3417718.313594362


21395656.609532181 3417718.311040098


21395656.610449415 3417718.311918249


21395656.608707063 3417718.313062655


21395656.610216368 3417718.315801657


21395656.611812640 3417718.317652696


21395656.610086724 3417718.313954768


21395656.610750191 3417718.314964770


21395656.609929409 3417718.310906845


21395656.610034123 3417718.316727517


21395656.610611878 3417718.318754845


21395656.611289565 3417718.316327134


21395656.609162673 3417718.317272001


21395656.610846687 3417718.310158616


21395656.611375403 3417718.316954669


21395656.610564783 3417718.312305234


21395656.611661281 3417718.308690610


21395656.610346869 3417718.306319335


21395656.611682415 3417718.310852748


21395656.611218490 3417718.312317327


21395656.609764006 3417718.311924948


21395656.610122539 3417718.309463395


21395656.609975241 3417718.310703098


21395656.610149045 3417718.307282310


21395656.609746985 3417718.311814224


21395656.609485488 3417718.309525065


21395656.611087721 3417718.311985936


21395656.610074133 3417718.304510805


21395656.610761616 3417718.307978622


21395656.610225491 3417718.313472891


21395656.609455284 3417718.308065317


21395656.610538412 3417718.309607181


21395656.609815035 3417718.307359500


21395656.609653015 3417718.310355098


21395656.610697269 3417718.309550185


21395656.610868182 3417718.312357715


21395656.611653019 3417718.312738156


21395656.610133823 3417718.313880380


21395656.611397713 3417718.315974928


21395656.611725762 3417718.315287903


21395656.611786135 3417718.313309785


21395656.611555707 3417718.314199152


21395656.611627594 3417718.315030121


21395656.612831380 3417718.315868509


21395656.612122402 3417718.316725590


21395656.612126239 3417718.315487287


21395656.612309705 3417718.316317164


21395656.613891661 3417718.318334677


21395656.613676999 3417718.319205408


21395656.613615993 3417718.317856850


21395656.612452623 3417718.316260322


21395656.613703456 3417718.318650703


21395656.614037875 3417718.316984092


21395656.611675866 3417718.318337850


21395656.612714384 3417718.315315205


21395656.612329256 3417718.316686604


21395656.614559911 3417718.316572396


21395656.613473620 3417718.317969130


21395656.613775391 3417718.317855292


21395656.613779996 3417718.315064530


21395656.612300854 3417718.315411653


21395656.612654962 3417718.315759342


21395656.613284916 3417718.316603339


21395656.614541758 3417718.317977172


21395656.614338607 3417718.315132995


21395656.613972493 3417718.316818397


21395656.613559458 3417718.318596665


21395656.613439437 3417718.316102826


21395656.613972493 3417718.316818397


21395656.611298144 3417718.313942928


21395656.611552730 3417718.310632237


21395656.611590385 3417718.311223279


21395656.611422867 3417718.310393245


21395656.611940883 3417718.311201372


21395656.610434964 3417718.310439864


21395656.610606011 3417718.308368257


21395656.610809524 3417718.311249393


21395656.611223958 3417718.311245342


21395656.611519091 3417718.308821372


21395656.611654460 3417718.312885995


21395656.610720210 3417718.311897121


21395656.612456232 3417718.316629919


21395656.610986080 3417718.313003417


21395656.608301569 3417718.310719456


21395656.610052411 3417718.310443603


21395656.612007350 3417718.311477946


21395656.610484090 3417718.308942377


21395656.610653516 3417718.306704450


21395656.611230824 3417718.305423579


21395656.610602442 3417718.312896277


21395656.612397354 3417718.310605501


21395656.611141551 3417718.310968924


21395656.611329664 3417718.313905657


21395656.612228833 3417718.312935827


21395656.614793904 3417718.317679003


21395656.612908188 3417718.315572052


21395656.612329576 3417718.311825947


21395656.611363981 3417718.310892824


21395656.612015478 3417718.312309538


21395656.614712398 3417718.317494983


21395656.614908960 3417718.316402649


21395656.614031509 3417718.317963677


21395656.614563208 3417718.315278652


21395656.614482746 3417718.310307895


21395656.615659121 3417718.313234969


21395656.614770561 3417718.316921487


21395656.615989018 3417718.317630359


21395656.614604115 3417718.316202331


21395656.614722606 3417718.315277094


21395656.613967255 3417718.316282483


21395656.612756018 3417718.316312802


21395656.614404127 3417718.316943549


21395656.613580365 3417718.315842706


21395656.613785099 3417718.313955585


21395656.612503372 3417718.321453149


21395656.613579009 3417718.318966106


21395656.613903221 3417718.319517384


21395656.613982193 3417718.325966681


21395656.615218133 3417718.323570478


21395656.615108769 3417718.322166948


21395656.615306322 3417718.324438251


21395656.614610076 3417718.323336162


21395656.613666203 3417718.322994237


21395656.614275701 3417718.323376392


21395656.611224223 3417718.321059057


21395656.611900557 3417718.321754746


21395656.612867866 3417718.313077433


21395656.614093505 3417718.316151878


21395656.614753224 3417718.315147425


21395656.613623761 3417718.312127484


21395656.614261892 3417718.312176693


21395656.613035258 3417718.312262607


21395656.612663269 3417718.310085418


21395656.613742787 3417718.311257689


21395656.613846373 3417718.312069865


21395656.611936007 3417718.310702418


21395656.613245361 3417718.312556260


21395656.612960976 3417718.312817781


21395656.611574721 3417718.314513153


21395656.613331385 3417718.313202274


21395656.613442957 3417718.319725179


21395656.614048805 3417718.314840123


21395656.615885481 3417718.315191803


21395656.613392204 3417718.314532354


21395656.613804873 3417718.312717125


21395656.613610122 3417718.313994259


21395656.613770783 3417718.314122059


21395656.613862943 3417718.315396386


21395656.613198895 3417718.315957324


21395656.613302890 3417718.315180081


21395656.614435509 3417718.315261419


21395656.613993172 3417718.315672337


21395656.614640739 3417718.315056117


21395656.613318380 3417718.311871728


21395656.612517916 3417718.313154779


21395656.615197096 3417718.311631586


21395656.614565648 3417718.312266131


21395656.614400558 3417718.314947573


21395656.615856584 3417718.312235033


21395656.615542803 3417718.314381964


21395656.616004419 3417718.317574762


21395656.616900563 3417718.314664399


21395656.616787724 3417718.314536130


21395656.615780227 3417718.315839688


21395656.617108140 3417718.314699333


21395656.616207346 3417718.315502844


21395656.616775621 3417718.313297983


21395656.615518872 3417718.315195386


21395656.614643902 3417718.318641511


21395656.615041442 3417718.320171596


21395656.614138391 3417718.317482113


21395656.615009926 3417718.320208867


21395656.614123262 3417718.320827425


21395656.614401598 3417718.316684831


21395656.615463868 3417718.319354279


21395656.613980390 3417718.319257888


21395656.613267891 3417718.316492613


21395656.612641554 3417718.316018215


21395656.612310607 3417718.316409563


21395656.614081495 3417718.318184968


21395656.614540134 3417718.317810853


21395656.614113059 3417718.316521318


21395656.615175553 3417718.317582863


21395656.613335762 3417718.318543406


21395656.613812730 3417718.316782995


21395656.614998773 3417718.317436740


21395656.614329573 3417718.320733000


21395656.615582354 3417718.318429042


21395656.614963595 3417718.318730794


21395656.613885928 3417718.322640939


21395656.614433479 3417718.323208516


21395656.615944859 3417718.322898039


21395656.616297651 3417718.324742749


21395656.615305420 3417718.324345851


21395656.615085151 3417718.324643709


21395656.615137167 3417718.323441899


21395656.614839558 3417718.323980773


21395656.612212125 3417718.314488442


21395656.612057701 3417718.311736196


21395656.611806046 3417718.313716183


21395656.611367095 3417718.309580602


21395656.610944174 3417718.315240097


21395656.611648411 3417718.315528919


21395656.612457361 3417718.315114419


21395656.613557383 3417718.315122150


21395656.611360274 3417718.313775986


21395656.612350661 3417718.315614464


21395656.615237691 3417718.310891927


21395656.617176872 3417718.311944907


21395656.618170548 3417718.312489642


21395656.618251372 3417718.317497359


21395656.618205406 3417718.316056246


21395656.616972722 3417718.312261088


21395656.618207980 3417718.314688583


21395656.617124215 3417718.316344036


21395656.616090126 3417718.310033443


21395656.617834236 3417718.310700216


21395656.617455069 3417718.312681450


21395656.617970966 3417718.311641439


21395656.617937412 3417718.313101812


21395656.618605435 3417718.312947431


21395656.619002078 3417718.314385117


21395656.617892712 3417718.311790057


21395656.618509389 3417718.314537784


21395656.619344082 3417718.313494658


21395656.617776528 3417718.314581911


21395656.617415063 3417718.311850170


21395656.616679035 3417718.314832898


21395656.615473848 3417718.312220292


21395656.616186213 3417718.313340707


21395656.616235476 3417718.313488078


21395656.617222294 3417718.313330580


21395656.614683818 3417718.316201552


21395656.615482651 3417718.314752182


21395656.615356896 3417718.316564607


21395656.616545107 3417718.317440109


21395656.615083214 3417718.316290057


21395656.613506358 3417718.313163601


21395656.615602631 3417718.312348405


21395656.615136903 3417718.313628186


21395656.614647061 3417718.315702910


21395656.614084791 3417718.316891226


21395656.616293725 3417718.322709815


21395656.614635322 3417718.321025718


21395656.614717912 3417718.314796620


21395656.614221931 3417718.316243030


21395656.614547085 3417718.315260329


21395656.613827813 3417718.315064063


21395656.615479041 3417718.314382587


21395656.614681110 3417718.315924355


21395656.614182867 3417718.313877771


21395656.616338477 3417718.315871194


21395656.615080141 3417718.315975901


21395656.616099514 3417718.317518391


21395656.615974434 3417718.321031110


21395656.615674067 3417718.316395171


21395656.616906978 3417718.318582430


21395656.615881283 3417718.316393146


21395656.616551246 3417718.318068422


21395656.615047585 3417718.314275914


21395656.615637489 3417718.315915008


21395656.615663953 3417718.315360302


21395656.614923816 3417718.316291615


21395656.613470234 3417718.315991636


21395656.614308354 3417718.315299626


21395656.615088314 3417718.315181112


21395656.615538016 3417718.317154246


21395656.616008345 3417718.319607699


21395656.614267666 3417718.319292043


21395656.614791013 3417718.317383325


21395656.613749288 3417718.318446957


21395656.611873779 3417718.314122117


21395656.612549659 3417718.318033606


21395656.612495247 3417718.314097562


21395656.612059858 3417718.318481950


21395656.612449143 3417718.317535585


21395656.613229647 3417718.317472512


21395656.611599285 3417718.317026407


21395656.613369856 3417718.317138474


21395656.613534849 3417718.317709790


21395656.614313003 3417718.317406479


21395656.614414420 3417718.317996899


21395656.613509338 3417718.316730515


21395656.614349175 3417718.319476062


21395656.613923047 3417718.316652546


21395656.614555214 3417718.316091921


21395656.614232674 3417718.314080581


21395656.614137262 3417718.312473615


21395656.613997601 3417718.312863094


21395656.613284647 3417718.313313621


21395656.613623537 3417718.313735385


21395656.614817567 3417718.313575862


21395656.616205901 3417718.315355006


21395656.616945673 3417718.314386733


21395656.616624668 3417718.315794471


21395656.617310256 3417718.315806252


21395656.615829941 3417718.312771260


21395656.617023390 3417718.314182677


21395656.615796886 3417718.315913450


21395656.616568994 3417718.311729067


21395656.615108047 3417718.322093028


21395656.616754398 3417718.320912599


21395656.617250692 3417718.321129527


21395656.616417449 3417718.322320492


21395656.617557067 3417718.324748922


21395656.615060363 3417718.323738355


21395656.614982966 3417718.319081754


21395656.614271279 3417718.319661639


21395656.614027169 3417718.324044158


21395656.616914153 3417718.320948001


21395656.616818834 3417718.322612274


21395656.616365429 3417718.323522302


21395656.615497101 3417718.322754561


21395656.617522616 3417718.326116895


21395656.615716778 3417718.324027644


21395656.617182598 3417718.327210631


21395656.615184221 3417718.324993891


21395656.615120329 3417718.323349656


21395656.615740847 3417718.324859080


21395656.615118925 3417718.321575439


21395656.616089623 3417718.321399617


21395656.614971362 3417718.319525425


21395656.615211725 3417718.313128451


21395656.613673158 3417718.313919716


21395656.612993579 3417718.312891389


21395656.612814765 3417718.314168366


21395656.612940066 3417718.315571740


21395656.611140281 3417718.317363562


21395656.612130348 3417718.317538701


21395656.612733889 3417718.317311024


21395656.613358743 3417718.319263963


21395656.613523558 3417718.319816799


21395656.613095403 3417718.318416385


21395656.612095669 3417718.327038568


21395656.611556470 3417718.325694685


21395656.611685749 3417718.320980619


21395656.611661907 3417718.325065280


21395656.610697489 3417718.320990278


21395656.610396892 3417718.324486233


21395656.611123256 3417718.323776834


21395656.611657124 3417718.321313568


21395656.610722594 3417718.323558970


21395656.608895175 3417718.322523382


21395656.612028882 3417718.325098657


21395656.609709319 3417718.324271175


21395656.611243416 3417718.321391536


21395656.610716093 3417718.322893698


21395656.611760572 3417718.320480885


21395656.613536745 3417718.321165825


21395656.611497637 3417718.324567883


21395656.612062749 3417718.325301623


21395656.611408547 3417718.323607712


21395656.611009013 3417718.328398344


21395656.611173242 3417718.323998125


21395656.612585239 3417718.321674128


21395656.611301843 3417718.324107757


21395656.611069970 3417718.324849287


21395656.612878744 3417718.325607834


21395656.613011274 3417718.321226405


21395656.611542564 3417718.324271739


21395656.612290785 3417718.325798396


21395656.612843160 3417718.328491307


21395656.613406967 3417718.324198072


21395656.612349529 3417718.323653959


21395656.612373956 3417718.324522353


21395656.612392064 3417718.324743957


21395656.611434057 3417718.324586986


21395656.612104833 3417718.323083422


21395656.614170987 3417718.324079715


21395656.612931982 3417718.326161761


21395656.613116890 3417718.327139476


21395656.613011368 3417718.324497643


21395656.614529788 3417718.324907879


21395656.614924308 3417718.324497427


21395656.615714293 3417718.328666544


21395656.616476331 3417718.328344909


21395656.615075439 3417718.328543417


21395656.615791511 3417718.326780668


21395656.617122270 3417718.327562370


21395656.613891207 3417718.328074470


21395656.617165618 3417718.325473529


21395656.617222290 3417718.326378571


21395656.615609039 3417718.329314427


21395656.613957722 3417718.326724664


21395656.616423815 3417718.327864902


21395656.615731362 3417718.327150888


21395656.614317656 3417718.326037329


21395656.614829212 3417718.324553804


21395656.615615811 3417718.326745423


21395656.616515797 3417718.329120750


21395656.615862310 3417718.327500758


21395656.615266450 3417718.325251829


21395656.615107413 3417718.325290348


21395656.615924314 3417718.325688957


21395656.616019271 3417718.323987725


21395656.616094090 3417718.330011988


21395656.611218534 3417718.323738940


21395656.610781346 3417718.321414534


21395656.611223049 3417718.324200935


21395656.611664254 3417718.325305517


21395656.609519713 3417718.322812982


21395656.611577742 3417718.322977684


21395656.609892961 3417718.325119532


21395656.611246347 3417718.326584830


21395656.610277817 3417718.326982410


21395656.611565009 3417718.324936856


21395656.612010594 3417718.324858575


21395656.611107495 3417718.323795470


21395656.612354629 3417718.322545016


21395656.611490496 3417718.327099928


21395656.612058010 3417718.326447527


21395656.612480659 3417718.324022309


21395656.611940019 3417718.322530586


21395656.611794077 3417718.320646892


21395656.607767295 3417718.327820134


21395656.609978803 3417718.325747066


21395656.608922042 3417718.326903252


21395656.608770501 3417718.324446684


21395656.609680690 3417718.324604123


21395656.608605776 3417718.327165086


21395656.609330695 3417718.326307848


21395656.610864740 3417718.325054590


21395656.609088887 3417718.326032987


21395656.610235374 3417718.322639654


21395656.610120095 3417718.325523906


21395656.610535607 3417718.325630735


21395656.609144922 3417718.323611354


21395656.609118510 3417718.322539680


21395656.607056644 3417718.323613282


21395656.609780755 3417718.321793946


21395656.607686784 3417718.324475758


21395656.607349880 3417718.324257271


21395656.606365997 3417718.323084067


21395656.607665155 3417718.320631803


21395656.607487060 3417718.321982697


21395656.608059581 3417718.323474108


21395656.608125869 3417718.323732203


21395656.607946381 3417718.323308881


21395656.608496279 3417718.324116696


21395656.607162535 3417718.326292076


21395656.608724307 3417718.324613470


21395656.607721690 3417718.326415982


21395656.605276410 3417718.325774543


21395656.607769553 3417718.324789136


21395656.609274205 3417718.325421284


21395656.608181454 3417718.324526367


21395656.607546844 3417718.328099514


21395656.607440282 3417718.330244418


21395656.607206330 3417718.327511431


21395656.607840311 3417718.327135603


21395656.607298855 3417718.328822719


21395656.608052399 3417718.327632534


21395656.608287025 3417718.325541822


21395656.607559126 3417718.329356141


21395656.607930347 3417718.326561793


21395656.611210719 3417718.324570687


21395656.611442409 3417718.323810678


21395656.610559769 3417718.323209413


21395656.610018179 3417718.323251668


21395656.610772900 3417718.325443601


21395656.610070873 3417718.323750157


21395656.611446701 3417718.325880572


21395656.609447919 3417718.325253253


21395656.611600049 3417718.321997942


21395656.611680381 3417718.325323842


21395656.610257998 3417718.323323251


21395656.610069066 3417718.323565358


21395656.610349614 3417718.324542138


21395656.608295608 3417718.323157615


21395656.609114308 3417718.323741024


21395656.610071957 3417718.323861036


21395656.609868668 3417718.325895995


21395656.609107405 3417718.324665171


21395656.609860543 3417718.325064404


21395656.609787889 3417718.325785895


21395656.610114764 3417718.328240751


21395656.611289695 3417718.324495988


21395656.609587938 3417718.331424729


21395656.609533213 3417718.325825348


21395656.609760702 3417718.326266682


21395656.608410075 3417718.329976196


21395656.609956451 3417718.328353186


21395656.609287295 3417718.330023068


21395656.608853858 3417718.329713118


21395656.611078732 3417718.329007555


21395656.613353100 3417718.326841464


21395656.610331733 3417718.329236634


21395656.612423081 3417718.329548863


21395656.610294387 3417718.330308931


21395656.610002104 3417718.328130961


21395656.612716999 3417718.331893150


21395656.612222780 3417718.328626741


21395656.612174548 3417718.330216628


21395656.611815929 3417718.329406944


21395656.610593136 3417718.328254556


21395656.611710854 3417718.330073307


21395656.612145562 3417718.330512617


21395656.613109034 3417718.329597603


21395656.611209862 3417718.329375904


21395656.613165114 3417718.332073586


21395656.612082753 3417718.328979260


21395656.613032993 3417718.328341600


21395656.612723999 3417718.327716247


21395656.613793805 3417718.332788223


21395656.612123434 3417718.331510838


21395656.612171073 3417718.331491891


21395656.610974196 3417718.329729358


21395656.611807212 3417718.330146292


21395656.611034840 3417718.331040957


21395656.611828525 3417718.332326910


21395656.612405971 3417718.332690897


21395656.611158744 3417718.330670115


21395656.612910170 3417718.328823321


21395656.612855218 3417718.331355833


21395656.612266757 3417718.329864578


21395656.612829477 3417718.331984458


21395656.613375314 3417718.329114480


21395656.610224627 3417718.331326099


21395656.610187370 3417718.329145637


21395656.611843385 3417718.325691881


21395656.612592820 3417718.328974275


21395656.612789020 3417718.327844982


21395656.611295205 3417718.328321621


21395656.612460606 3417718.328495046


21395656.611814171 3417718.327595768


21395656.612595350 3417718.329232993


21395656.612572547 3417718.328530916


21395656.613015968 3417718.328230876


21395656.612651706 3417718.328474696


21395656.610808119 3417718.329047163


21395656.611598060 3417718.328318662


21395656.612133101 3417718.329237510


21395656.611838736 3417718.330109022


21395656.612107359 3417718.329866135


21395656.611503139 3417718.328393515


21395656.609914094 3417718.327281670


21395656.609270141 3417718.328267486


21395656.610547122 3417718.328439821


21395656.609711032 3417718.327708730


21395656.609743226 3417718.329371756


21395656.609927416 3417718.330275555


21395656.609934777 3417718.326135609


21395656.610176671 3417718.329681708


21395656.610118106 3417718.325320629


21395656.610891338 3417718.326144743


21395656.609331504 3417718.329653005


21395656.610809244 3417718.327531662


21395656.609780706 3417718.329944320


21395656.610734291 3417718.326386538


21395656.610551864 3417718.327293917


21395656.610504180 3417718.328939245


21395656.613032401 3417718.329912539


21395656.611323919 3417718.331259910


21395656.612128042 3417718.328720076


21395656.612723276 3417718.327642326


21395656.612638518 3417718.327125672


21395656.612843119 3417718.330117686


21395656.612169359 3417718.328054336


21395656.613076296 3417718.327879137


21395656.612218987 3417718.328238666


21395656.614992082 3417718.329800978


21395656.613623075 3417718.329999174


21395656.614268523 3417718.327534816


21395656.613857158 3417718.327853024


21395656.612887729 3417718.328158204


21395656.613976866 3417718.328683524


21395656.612770732 3417718.327604900


21395656.613930989 3417718.330513649


21395656.613574222 3417718.328262384


21395656.614821717 3417718.327048888


21395656.612828035 3417718.325312626


21395656.613425117 3417718.329317290


21395656.614850394 3417718.325089562


21395656.614672840 3417718.326495895


21395656.614263874 3417718.325427962


21395656.614497054 3417718.329713408


21395656.614467613 3417718.326701199


21395656.615985446 3417718.328682376


21395656.614806093 3417718.328712382


21395656.614971269 3417718.329302179


21395656.613951534 3417718.327722731


21395656.615181375 3417718.329595831


21395656.614690494 3417718.329933297


21395656.615636352 3417718.330478500


21395656.614871114 3417718.328841119


21395656.613818601 3417718.327169582


21395656.615063611 3417718.330594987


21395656.616161507 3417718.328754581


21395656.615039587 3417718.328137172


21395656.615185257 3417718.326731149


21395656.616549660 3417718.329323715


21395656.615000080 3417718.328987711


21395656.616032094 3417718.331823788


21395656.614667553 3417718.327586361


21395656.615301080 3417718.330426332


21395656.615534805 3417718.328243222


21395656.615448240 3417718.334065763


21395656.616168190 3417718.329438334


21395656.616290111 3417718.328864213


21395656.616916500 3417718.327712233


21395656.615111656 3417718.328986620


21395656.614960026 3417718.329782809


21395656.615387101 3417718.331072345


21395656.615116082 3417718.326177378


21395656.614334270 3417718.327737470


21395656.615031414 3417718.328931960


21395656.614003327 3417718.328128818


21395656.613372426 3417718.328818804


21395656.614452530 3417718.328420134


21395656.614659969 3417718.326810209


21395656.614108041 3417718.327425495


21395656.614587680 3417718.327568661


21395656.616456639 3417718.332854606


21395656.614567265 3417718.332004438


21395656.614952572 3417718.330651517


21395656.614333995 3417718.330971749


21395656.617395502 3417718.331052716


21395656.615567446 3417718.333214446


21395656.618076667 3417718.333873740


21395656.616469327 3417718.332521815


21395656.615178395 3417718.332552913


21395656.615808170 3417718.333378427


21395656.615771100 3417718.331216445


21395656.615906563 3417718.332028311


21395656.615642540 3417718.329480434


21395656.616917178 3417718.329412531


21395656.617160242 3417718.329816751


21395656.617977999 3417718.331934139


21395656.620457191 3417718.331152165


21395656.618794534 3417718.332295790


21395656.618929505 3417718.331425838


21395656.617083032 3417718.331702625


21395656.617976736 3417718.331804782


21395656.616111524 3417718.328533290


21395656.615723412 3417718.332861772


21395656.617581133 3417718.332104352


21395656.619277246 3417718.332753113


21395656.617371753 3417718.331884620


21395656.617899567 3417718.332064277


21395656.619275302 3417718.330923455


21395656.618419256 3417718.331412343


21395656.618063480 3417718.332524715


21395656.618476152 3417718.330709487


21395656.617651757 3417718.332805961


21395656.617961701 3417718.331897336


21395656.617910899 3417718.334854883


21395656.618698176 3417718.332222806


21395656.617880240 3417718.336610933


21395656.617873285 3417718.332637462


21395656.616754618 3417718.332352691


21395656.617760669 3417718.330901295


21395656.615935687 3417718.333377181


21395656.617456097 3417718.333990695


21395656.617714792 3417718.332731420


21395656.616809480 3417718.333072936


21395656.617460482 3417718.332807831


21395656.616767123 3417718.332001418


21395656.617568221 3417718.334045044


21395656.617723059 3417718.335207869


21395656.617769115 3417718.333396226


21395656.617784329 3417718.333322151


21395656.616679072 3417718.332778506


21395656.616949096 3417718.334309837


21395656.617381636 3417718.334527389


21395656.616709825 3417718.334293693


21395656.617162142 3417718.333272786


21395656.615777507 3417718.335134476


21395656.616565105 3417718.334165737


21395656.615658887 3417718.334414854


21395656.616950903 3417718.334494635


21395656.616399202 3417718.333502023


21395656.618010558 3417718.333634126


21395656.617148183 3417718.333476221


21395656.616362896 3417718.336311575


21395656.617168050 3417718.335508999


21395656.617400061 3417718.336412329


21395656.614560448 3417718.329675826


21395656.614739895 3417718.331725526


21395656.615296882 3417718.331627676


21395656.615587812 3417718.330405048


21395656.616741434 3417718.331003664


21395656.615070656 3417718.331315700


21395656.615754027 3417718.332732102


21395656.614574127 3417718.332706670


21395656.616150577 3417718.330898550


21395656.616647240 3417718.331152438


21395656.616141547 3417718.329974560


21395656.617089804 3417718.329133621


21395656.615714971 3417718.330366842


21395656.615916409 3417718.329773462


21395656.616734974 3417718.328712013


21395656.616598517 3417718.331060505


21395656.616624620 3417718.330468841


21395656.616097838 3417718.332026442


21395656.615642134 3417718.331069853


21395656.616265047 3417718.331193137


21395656.615651574 3417718.330404424


21395656.615806770 3417718.331604210


21395656.617130123 3417718.331628239


21395656.616507351 3417718.333149815


21395656.616619512 3417718.331577785


21395656.616768796 3417718.330541358


21395656.615030240 3417718.332073839


21395656.615969732 3417718.333598627


21395656.615135584 3417718.334697193


21395656.614936952 3417718.332315011


21395656.614273444 3417718.332931387


21395656.615616083 3417718.330035139


21395656.616362087 3417718.332966419


21395656.618532684 3417718.329969672


21395656.618474662 3417718.332188027


21395656.619464502 3417718.333971066


21395656.619459853 3417718.331864212


21395656.618804831 3417718.333349139


21395656.619012233 3417718.333365594


21395656.617953166 3417718.332655163


21395656.619611207 3417718.334302300


21395656.618077390 3417718.333947660


21395656.617719624 3417718.334856753


21395656.618595406 3417718.334755786


21395656.619300451 3417718.331865770


21395656.619235791 3417718.331773994


21395656.618010737 3417718.333652606


21395656.618502520 3417718.333407538


21395656.617366645 3417718.332993565


21395656.618662775 3417718.335124759


21395656.619406160 3417718.334526083


21395656.617412794 3417718.334453158


21395656.618096173 3417718.335869560


21395656.617692258 3417718.335319060


21395656.617249016 3417718.335637579


21395656.615693744 3417718.337981457


21395656.618047178 3417718.332487910


21395656.617607731 3417718.333194505


21395656.616402227 3417718.335442558


21395656.617263693 3417718.335508065


21395656.620043930 3417718.334538332


21395656.619574811 3417718.333840617


21395656.618028305 3417718.333818769


21395656.618251774 3417718.335479925


21395656.618077159 3417718.335555559


21395656.621792872 3417718.337330437


21395656.623106610 3417718.338001416


21395656.621367782 3417718.336244180


21395656.621176057 3417718.332937851


21395656.621703148 3417718.333043589


21395656.620770652 3417718.333865892


21395656.622287408 3417718.335736188


21395656.621978547 3417718.336755693


21395656.621217869 3417718.333953930


21395656.623087101 3417718.336005596


21395656.620803256 3417718.333939501


21395656.620662507 3417718.334218099


21395656.620874915 3417718.336378368


21395656.621363763 3417718.337464002


21395656.621247128 3417718.336947658


21395656.622109901 3417718.335516145


21395656.622410279 3417718.333628088


21395656.621838611 3417718.333855454


21395656.622306596 3417718.336068669


21395656.619842041 3417718.338347509


21395656.620849222 3417718.335380613


21395656.620742157 3417718.335843699


21395656.621856723 3417718.334077056


21395656.621624127 3417718.334744666


21395656.621250965 3417718.335709355


21395656.619795710 3417718.336869436


21395656.621025778 3417718.337134637


21395656.616525903 3417718.336679614


21395656.616405614 3417718.337420052


21395656.616465937 3417718.337068313


21395656.616210051 3417718.335352028


21395656.615488157 3417718.338149800


21395656.617608178 3417718.336502703


21395656.616282973 3417718.337920253


21395656.617089890 3417718.338928855


21395656.615499623 3417718.336061271


21395656.615551192 3417718.338075259


21395656.615122441 3417718.338245783


21395656.615687016 3417718.338924084


21395656.614537958 3417718.337161084


21395656.615828715 3417718.337111505


21395656.615624521 3417718.339054066


21395656.615457945 3417718.336690052


21395656.617544197 3417718.338111225


21395656.617768254 3417718.338201443


21395656.617543295 3417718.338018826


21395656.617678802 3417718.337204312


21395656.615267750 3417718.336802800


21395656.616112735 3417718.336813023


21395656.617832467 3417718.334985021


21395656.616395365 3417718.334740325


21395656.616811693 3417718.338192311


21395656.617198806 3417718.337024187


21395656.615858562 3417718.338534293


21395656.614894051 3417718.337712049


21395656.617144622 3417718.338004241


21395656.615626920 3417718.337667923


21395656.617398031 3417718.337835430


21395656.616751228 3417718.336899192


21395656.616660964 3417718.339080899


21395656.616286539 3417718.339916230


21395656.617911890 3417718.338218521


21395656.612726659 3417718.336143817


21395656.613192074 3417718.333200698


21395656.614422996 3417718.335184678


21395656.611391790 3417718.333310702


21395656.614293221 3417718.331692929


21395656.613645788 3417718.333954009


21395656.613160733 3417718.333256449


21395656.613802072 3417718.335264673


21395656.614309344 3417718.331711253


21395656.614655994 3417718.332927648


21395656.613546897 3417718.333622307


21395656.612533309 3417718.332671172


21395656.612621855 3417718.333575902


21395656.612791050 3417718.332945876


21395656.613292269 3417718.332035380


21395656.613043558 3417718.332684666


21395656.614099912 3417718.333117899


21395656.613032900 3417718.331594357


21395656.614722013 3417718.329896025


21395656.613755967 3417718.332178701


21395656.615360096 3417718.331571613


21395656.614531230 3417718.331579714


21395656.612790823 3417718.334553775


21395656.613700155 3417718.332992435


21395656.615479033 3417718.333954573


21395656.614211131 3417718.333079849


21395656.614275657 3417718.331526767


21395656.614750955 3417718.331226415


21395656.615217902 3417718.331702373


21395656.614363257 3417718.333965478


21395656.614202190 3417718.335427097


21395656.613833543 3417718.336853781


21395656.614208691 3417718.336092370


21395656.614022333 3417718.334966816


21395656.612618916 3417718.334906605


21395656.614901863 3417718.336880303


21395656.613334894 3417718.336396615


21395656.613147952 3417718.336842000


21395656.613424081 3417718.334104028


21395656.613094449 3417718.332998355


21395656.612870477 3417718.336179376


21395656.613869984 3417718.335689086


21395656.614518046 3417718.336754683


21395656.613428008 3417718.329612968


21395656.615274440 3417718.330962558


21395656.614707880 3417718.330080980


21395656.614567537 3417718.328770160


21395656.614298370 3417718.328957606


21395656.616101000 3417718.329087840


21395656.615620237 3417718.330460175


21395656.616060045 3417718.329790540


21395656.615140781 3417718.330335490


21395656.614285503 3417718.329271919


21395656.615182232 3417718.331314609


21395656.614951804 3417718.332203976


21395656.613859463 3417718.329719640


21395656.615125746 3417718.330428046


21395656.615431532 3417718.329094383


21395656.616499722 3417718.327476046


21395656.615593232 3417718.330959442


21395656.616028029 3417718.328145992


21395656.615373913 3417718.329723320


21395656.615794942 3417718.327131785


21395656.615204584 3417718.328708488


21395656.614382133 3417718.326110625


21395656.613723189 3417718.325562618


21395656.614544962 3417718.326460184


21395656.614362583 3417718.325741184


21395656.615759496 3417718.325136122


21395656.614242107 3417718.326463143


21395656.614814132 3417718.326272737


21395656.613402542 3417718.327007315


21395656.614451177 3417718.325019537


21395656.615650084 3417718.325358969


21395656.614270918 3417718.326148675


21395656.615428329 3417718.327135369


21395656.615892611 3417718.325707749


21395656.615698580 3417718.327058800


21395656.615303341 3417718.327395332


21395656.615762338 3417718.327058177


21395656.615604024 3417718.327170614


21395656.617394369 3417718.332568217


21395656.618522748 3417718.335477277


21395656.618198812 3417718.331691721


21395656.617891889 3417718.334540883


21395656.618890174 3417718.332294855


21395656.617125880 3417718.334455962


21395656.618822489 3417718.330262543


21395656.618102312 3417718.329973878


21395656.619662642 3417718.328147434


21395656.618979763 3417718.328412849


21395656.619709559 3417718.328054567


21395656.620385755 3417718.327105398


21395656.620039009 3417718.329141759


21395656.619928155 3417718.329216770


21395656.619352244 3417718.332271859


21395656.619777653 3417718.328497460


21395656.622118037 3417718.329823740


21395656.620589133 3417718.328341675


21395656.619925492 3417718.327313194


21395656.613549564 3417718.335525883


21395656.615368988 3417718.337374739


21395656.613180690 3417718.338560465


21395656.614874680 3417718.337361089


21395656.614397932 3417718.337513602


21395656.613474514 3417718.337633515


21395656.613484312 3417718.337005047


21395656.614356302 3417718.336516004


21395656.614868987 3417718.340040973


21395656.614796020 3417718.339099127


21395656.614359733 3417718.336867120


21395656.613379057 3417718.337652931


21395656.613911387 3417718.338294582


21395656.613542788 3417718.338094888


21395656.612519577 3417718.337790702


21395656.613471262 3417718.337300880


21395656.611853588 3417718.336521982


21395656.612804096 3417718.339174039


21395656.612685520 3417718.336828038


21395656.613461692 3417718.336321450


21395656.612189811 3417718.335040170


21395656.612374768 3417718.334391508


21395656.611768700 3417718.334360468


21395656.612469502 3417718.334298173


21395656.612715505 3417718.333371691


21395656.612880636 3417718.335587866


21395656.613698848 3417718.334489456


21395656.612152379 3417718.332841228


21395656.613602437 3417718.336042850


21395656.612981692 3417718.336141325


21395656.611725260 3417718.333178072


21395656.613660056 3417718.335413913


21395656.613115761 3417718.335178973


21395656.614003506 3417718.334671294


21395656.613458261 3417718.329446337


21395656.612951983 3417718.329839399


21395656.612256013 3417718.332027027


21395656.612907913 3417718.331854322


21395656.611161996 3417718.331002750


21395656.610935137 3417718.333888094


21395656.612844512 3417718.331891904


21395656.614911981 3417718.331391176


21395656.612278134 3417718.331028805


21395656.612983409 3417718.333054886


21395656.611590110 3417718.334029546


21395656.611372463 3417718.331333362


21395656.612707648 3417718.329305822


21395656.612375036 3417718.331157230


21395656.611554708 3417718.330407503


21395656.610998806 3417718.330616233


21395656.612831689 3417718.330579838


21395656.612472482 3417718.331341093


21395656.612071279 3417718.331067790


21395656.612046447 3417718.331788815


21395656.610649578 3417718.330767499


21395656.612734251 3417718.330395974


21395656.612743460 3417718.331338445


21395656.610564232 3417718.331821782


21395656.612249147 3417718.331324794


21395656.612184893 3417718.329643599


21395656.613041118 3417718.329173191


21395656.612046130 3417718.330125475


21395656.612509828 3417718.330268797


21395656.612160914 3417718.332083401


21395656.614388455 3417718.333281415


21395656.612077288 3417718.330051246


21395656.613268383 3417718.331222425


21395656.613529064 3417718.330166426


21395656.611316290 3417718.332110137


21395656.613646243 3417718.330738211


21395656.613294978 3417718.332312577


21395656.613535475 3417718.334084458


21395656.611765131 3417718.332364492


21395656.613702457 3417718.334859052


21395656.612641271 3417718.332300485


21395656.613327626 3417718.330759807


21395656.611299448 3417718.332017894


21395656.611982916 3417718.330181538


21395656.610846091 3417718.331301543


21395656.612460606 3417718.328495046


21395656.613585237 3417718.329389652


21395656.614004005 3417718.329829116


21395656.613146558 3417718.328543786


21395656.613008339 3417718.329081103


21395656.612711079 3417718.329656938


21395656.614328440 3417718.328772496


21395656.612617612 3417718.329879630


21395656.613573451 3417718.329814843


21395656.614606597 3417718.324611424


21395656.613292634 3417718.325548344


21395656.613718309 3417718.325063662


21395656.613705125 3417718.323714638


21395656.614187967 3417718.325816818


21395656.614256784 3417718.326333629


21395656.612921640 3417718.326734791


21395656.613982014 3417718.325948200


21395656.615970869 3417718.325559131


21395656.613789067 3417718.327410132


21395656.614646334 3417718.328676981


21395656.614139155 3417718.328977644


21395656.613380142 3417718.331239813


21395656.613880593 3417718.331881777


21395656.613134723 3417718.330595357


21395656.614223726 3417718.329475820


21395656.613140866 3417718.331223671


21395656.614403624 3417718.328309722


21395656.613186564 3417718.329375067


21395656.612308431 3417718.329235797


21395656.614644706 3417718.328510663


21395656.614343844 3417718.328716900


