21395656.597163416 3417718.334041173


21395656.596437640 3417718.333179633


21395656.597058296 3417718.329809921


21395656.597628780 3417718.332724434


21395656.597424999 3417718.333077576


21395656.596790303 3417718.333379483


21395656.594818026 3417718.324047083


21395656.594412714 3417718.321722366


21395656.593647745 3417718.323374704


21395656.593690328 3417718.322838321


21395656.594482210 3417718.323939476


21395656.594094552 3417718.325052158


21395656.593722295 3417718.326109247


21395656.593857445 3417718.325257773


21395656.592897587 3417718.326542383


21395656.594485279 3417718.324253633


21395656.593813103 3417718.323982978


21395656.594549082 3417718.322626630


21395656.595440663 3417718.327404644


21395656.594844487 3417718.323492378


21395656.595346022 3417718.324245221


21395656.595628109 3417718.322117082


21395656.595564663 3417718.323781044


21395656.594917998 3417718.324489664


21395656.594574369 3417718.325213804


21395656.593385395 3417718.325890760


21395656.593406484 3417718.323155282


21395656.593833599 3417718.329342435


21395656.593450639 3417718.330935593


21395656.593738280 3417718.331006709


21395656.594301272 3417718.329892311


21395656.593706623 3417718.329399120


21395656.594538968 3417718.328115756


21395656.594313104 3417718.327840741


21395656.592882320 3417718.328242838


21395656.593228072 3417718.329366835


21395656.592969559 3417718.330644590


21395656.593370624 3417718.329273032


21395656.593577076 3417718.330823467


21395656.593160655 3417718.330624240


21395656.592013717 3417718.330709376


21395656.592787314 3417718.331570450


21395656.594270702 3417718.328395603


21395656.592254441 3417718.330873358


21395656.592890315 3417718.327429570


21395656.593534902 3417718.329770430


21395656.591388956 3417718.332027674


21395656.597831484 3417718.332260413


21395656.597230878 3417718.331157390


21395656.595137130 3417718.332231302


21395656.596553329 3417718.335229957


21395656.595394924 3417718.330879627


21395656.598836996 3417718.330753578


21395656.596194435 3417718.331130556


21395656.597091351 3417718.333191726


21395656.596921660 3417718.332139934


21395656.596285693 3417718.332312483


21395656.595209152 3417718.341231124


21395656.598108731 3417718.341054933


21395656.599467672 3417718.338195489


21395656.598151226 3417718.337247313


21395656.599880841 3417718.338062078


21395656.599961985 3417718.338209139


21395656.599378534 3417718.338861696


21395656.598347381 3417718.337744398


21395656.599132396 3417718.338143320


21395656.599132352 3417718.339769699


21395656.599155743 3417718.338900837


21395656.598840062 3417718.337591730


21395656.599877767 3417718.337747922


21395656.599501491 3417718.340024834


21395656.598723788 3417718.337112346


21395656.599284209 3417718.337365610


21395656.600189656 3417718.338668953


21395656.600058477 3417718.339926982


21395656.599974446 3417718.339484246


21395656.599871583 3417718.338745988


21395656.600081012 3417718.337339341


21395656.599639937 3417718.337879618


21395656.600256529 3417718.337356107


21395656.598338168 3417718.336801928


21395656.599292744 3417718.336607783


21395656.599182788 3417718.336775192


21395656.599338759 3417718.336422516


21395656.599868737 3417718.336823932


21395656.599464152 3417718.334573134


21395656.598495487 3417718.333325855


21395656.598711196 3417718.334192380


21395656.599441346 3417718.333871057


21395656.601285797 3417718.328493374


21395656.602150016 3417718.327209700


21395656.602854073 3417718.327480041


21395656.602610867 3417718.325430964


21395656.603406861 3417718.328583533


21395656.603463572 3417718.327862197


21395656.601469800 3417718.329378692


21395656.601267643 3417718.329898152


21395656.601724520 3417718.327712860


21395656.601120755 3417718.329548437


21395656.600592665 3417718.326079061


21395656.600086614 3417718.331388219


21395656.601433899 3417718.330598826


21395656.600551754 3417718.331679379


21395656.601871543 3417718.329707433


21395656.602207720 3417718.329852000


21395656.602290176 3417718.328502039


21395656.601440314 3417718.327992862


21395656.601213001 3417718.327570007


21395656.601709347 3417718.326160557


21395656.600256938 3417718.329242693


21395656.601333160 3417718.331708705


21395656.600560106 3417718.330903071


21395656.601035591 3417718.330621201


21395656.598823585 3417718.331012452


21395656.601229306 3417718.334130807


21395656.599765968 3417718.332832916


21395656.598204553 3417718.334548482


21395656.599037979 3417718.333375997


21395656.599921346 3417718.334051182


21395656.594954524 3417718.339644197


21395656.594993174 3417718.337074881


21395656.596901245 3417718.336575712


21395656.598162696 3417718.335158783


21395656.597740494 3417718.334368202


21395656.598873343 3417718.332841640


21395656.598527908 3417718.333380983


21395656.599009577 3417718.332101046


21395656.597060915 3417718.333339876


21395656.597846970 3417718.335476055


21395656.595894877 3417718.336363768


21395656.595211998 3417718.336629185


21395656.596668288 3417718.337206362


21395656.596175648 3417718.335732650


21395656.597829271 3417718.333665035


21395656.600415386 3417718.330775115


21395656.599373527 3417718.323669891


21395656.595735576 3417718.326588572


21395656.597397953 3417718.328679225


21395656.596125845 3417718.329005845


21395656.598826792 3417718.326447471


21395656.599119805 3417718.328699360


21395656.597567510 3417718.328086156


21395656.599324714 3417718.326830717


21395656.598610319 3417718.327133406


21395656.599469751 3417718.328622012


21395656.597315364 3417718.328384326


21395656.596099071 3417718.327897212


21395656.595766503 3417718.328122241


21395656.596472234 3417718.326932523


21395656.595960669 3417718.328416048


21395656.596717287 3417718.327540020


21395656.597812928 3417718.328730614


21395656.598781683 3417718.326725136


21395656.599076543 3417718.327535443


21395656.601831630 3417718.325623396


21395656.602111634 3417718.326544738


21395656.602370009 3417718.330146120


21395656.603917655 3417718.328652468


21395656.601186138 3417718.329714132


21395656.601600930 3417718.329747042


21395656.601978607 3417718.329244347


21395656.600899536 3417718.331380274


21395656.601254001 3417718.331764924


21395656.601236802 3417718.331635720


21395656.600831397 3417718.332563762


21395656.601849012 3417718.332295074


21395656.600756489 3417718.329792258


21395656.600140389 3417718.331997585


21395656.598252960 3417718.332977075


21395656.602036040 3417718.335120926


21395656.603294015 3417718.334979261


21395656.601310808 3417718.334314825


21395656.600617047 3417718.335097833


21395656.600652587 3417718.333840737


21395656.601705283 3417718.335530754


21395656.601820562 3417718.332646501


21395656.601202164 3417718.332985214


21395656.600732330 3417718.332213580


21395656.602735087 3417718.333247455


21395656.601626396 3417718.332352694


21395656.602377549 3417718.332548650


21395656.601419184 3417718.332354719


21395656.601900261 3417718.332645722


21395656.602364860 3417718.332881443


21395656.601852309 3417718.331001332


21395656.603397150 3417718.332483240


21395656.600913621 3417718.332821700


21395656.601763442 3417718.334957256


21395656.600211017 3417718.332699197


21395656.600879710 3417718.334245112


21395656.599680580 3417718.335513579


21395656.602732964 3417718.331399319


21395656.602304354 3417718.333214702


21395656.603172548 3417718.332337582


21395656.601665318 3417718.333073095


21395656.602542996 3417718.336428165


21395656.602744885 3417718.332618986


21395656.603772700 3417718.336656406


21395656.603098132 3417718.337771893


21395656.603260420 3417718.331542016


21395656.604831316 3417718.334058639


21395656.602781821 3417718.333136110


21395656.603092082 3417718.333890822


21395656.603981949 3417718.335231279


21395656.604173046 3417718.335210931


21395656.604066029 3417718.334047637


21395656.604081698 3417718.337281759


21395656.601960268 3417718.337154641


21395656.602233641 3417718.335765851


21395656.603253420 3417718.335718920


21395656.601910107 3417718.336914870


21395656.602295682 3417718.338851667


21395656.601641931 3417718.333941958


21395656.600837316 3417718.334799974


21395656.601222035 3417718.335017992


21395656.600772832 3417718.334726678


21395656.599718329 3417718.332851863


21395656.600534867 3417718.333213514


21395656.601792522 3417718.331408510


21395656.602467634 3417718.330348463


21395656.602664512 3417718.330919468


21395656.603009176 3417718.331932585


21395656.601574376 3417718.333554505


21395656.601954989 3417718.331721109


21395656.602285523 3417718.332919182


21395656.601341289 3417718.332540296


21395656.601612262 3417718.332537648


21395656.602072299 3417718.333937752


21395656.601624906 3417718.333831234


21395656.602045931 3417718.331239701


21395656.601395067 3417718.333149664


21395656.601140983 3417718.331618175


21395656.600162607 3417718.334270603


21395656.599936426 3417718.332332249


21395656.601698872 3417718.331612722


21395656.601442300 3417718.334720135


21395656.600347381 3417718.333603460


21395656.599556178 3417718.334202603


21395656.599476341 3417718.332558523


21395656.601864591 3417718.332257958


21395656.603190701 3417718.330932805


21395656.603539523 3417718.332370959


21395656.604276225 3417718.331088532


21395656.603358634 3417718.330173420


21395656.603477933 3417718.332593340


21395656.603149790 3417718.330009127


21395656.602905367 3417718.332728307


21395656.603393223 3417718.330450306


21395656.603327431 3417718.331874030


21395656.603773203 3417718.331814228


21395656.604988001 3417718.333779884


21395656.604416206 3417718.332362391


21395656.604312621 3417718.331550214


21395656.604241997 3417718.330848605


21395656.604913946 3417718.332727158


21395656.606356516 3417718.331899870


21395656.604958698 3417718.332412534


21395656.604494371 3417718.328942536


21395656.604965426 3417718.331469908


21395656.604832489 3417718.330916759


21395656.604605719 3417718.330549345


21395656.603959419 3417718.331294925


21395656.605387803 3417718.332278970


21395656.604804628 3417718.329697249


21395656.605512660 3417718.330374146


21395656.605713643 3417718.332996566


21395656.606528737 3417718.333210378


21395656.608069420 3417718.334267252


21395656.607286032 3417718.334034647


21395656.606570911 3417718.334263416


21395656.605880309 3417718.332107821


21395656.606305625 3417718.331586180


21395656.606365908 3417718.332860820


21395656.607997809 3417718.330202005


21395656.605565671 3417718.326011977


21395656.606559172 3417718.326538233


21395656.606977936 3417718.326977698


21395656.605326217 3417718.325977354


21395656.606561471 3417718.328404849


21395656.607267745 3417718.327270570


21395656.607381489 3417718.327491237


21395656.607141357 3417718.325756316


21395656.606141217 3417718.329443925


21395656.607391287 3417718.326862768


21395656.607113089 3417718.326126224


21395656.606417384 3417718.325079574


21395656.604294784 3417718.328094334


21395656.604760289 3417718.328422453


21395656.604663517 3417718.329938888


21395656.604725879 3417718.328164048


21395656.604044314 3417718.326932443


21395656.604290225 3417718.329258719


21395656.605035193 3417718.330452740


21395656.604618996 3417718.328645613


21395656.605938785 3417718.333197663


21395656.606390018 3417718.332065876


21395656.606644832 3417718.333671283


21395656.605372407 3417718.332334565


21395656.605866719 3417718.332348214


21395656.606120311 3417718.332197883


21395656.605785754 3417718.332219634


21395656.606864821 3417718.330083708


21395656.606010448 3417718.329112533


21395656.606091637 3417718.334157210


21395656.605209984 3417718.330395585


21395656.605253831 3417718.329988563


21395656.604768187 3417718.330861942


21395656.606527515 3417718.331454641


21395656.606205963 3417718.332806939


21395656.606826939 3417718.331100563


21395656.607481550 3417718.331205056


21395656.606702853 3417718.331452927


21395656.605573121 3417718.331667266


21395656.604867395 3417718.332856984


21395656.603448626 3417718.331225991


21395656.609228052 3417718.337009682


21395656.608956713 3417718.336975372


21395656.610334031 3417718.337627247


21395656.610327214 3417718.335298635


21395656.611774929 3417718.338260019


21395656.612676807 3417718.337567386


21395656.612531770 3417718.335776090


21395656.611549783 3417718.338058922


21395656.611918926 3417718.338314056


21395656.612161320 3417718.337017977


21395656.611365415 3417718.337136646


21395656.612156395 3417718.338145401


21395656.613392241 3417718.339001957


21395656.612825640 3417718.339746757


21395656.612489998 3417718.339657630


21395656.612065863 3417718.337037391


21395656.612506885 3417718.338123495


21395656.612875488 3417718.338323188


21395656.612818778 3417718.339044524


21395656.613197580 3417718.337026330


21395656.612827986 3417718.339986994


21395656.613648541 3417718.339128822


21395656.614961058 3417718.338044064


21395656.612212345 3417718.338976525


21395656.613296606 3417718.339002891


21395656.612863429 3417718.341982658


21395656.612910349 3417718.341889793


21395656.614044458 3417718.340492590


21395656.613900416 3417718.342064931


21395656.613865830 3417718.341788044


21395656.614451438 3417718.341357246


21395656.611495141 3417718.342254774


21395656.612556554 3417718.343205441


21395656.610951025 3417718.342038313


21395656.611986879 3417718.343636085


21395656.611720785 3417718.344137688


21395656.612327758 3417718.344261128


21395656.612668183 3417718.341577971


21395656.610028464 3417718.343877005


21395656.609475680 3417718.342773513


21395656.611029599 3417718.343553034


21395656.610700328 3417718.342484320


21395656.610271897 3417718.344318183


21395656.610309962 3417718.343319806


21395656.611041609 3417718.341519943


21395656.612547390 3417718.340636592


21395656.611992300 3417718.344190480


21395656.611152012 3417718.344660731


21395656.610445876 3417718.347439869


21395656.611795019 3417718.345208894


21395656.611261599 3417718.344456363


21395656.609733872 3417718.346356414


21395656.608909570 3417718.345200133


21395656.610553347 3417718.345387364


21395656.610342927 3417718.343430373


21395656.609816328 3417718.345006454


21395656.610999659 3417718.345383002


21395656.610877331 3417718.347546543


21395656.611253385 3417718.346877530


21395656.610632457 3417718.346957524


21395656.611699603 3417718.343601930


21395656.606813751 3417718.342799530


21395656.607548106 3417718.341276864


21395656.606741276 3417718.343539501


21395656.606849652 3417718.341579395


21395656.606520873 3417718.342192500


21395656.607932102 3417718.341420963


21395656.608524445 3417718.340047536


21395656.608801745 3417718.340691681


21395656.608663928 3417718.339639579


21395656.609127402 3417718.341390799


21395656.607500106 3417718.341258850


21395656.608920772 3417718.339821884


21395656.608275373 3417718.340659863


21395656.608509816 3417718.338550672


21395656.610105414 3417718.338701411


21395656.609271582 3417718.341463316


21395656.608823508 3417718.339656501


21395656.608096603 3417718.340310460


21395656.609187547 3417718.341020580


21395656.608421538 3417718.340935658


21395656.609820891 3417718.337318075


21395656.609575793 3417718.338336957


21395656.608517449 3417718.337700446


21395656.607911374 3417718.337669406


21395656.608329602 3417718.338053431


21395656.608482499 3417718.337386601


21395656.608184882 3417718.337925475


21395656.608745661 3417718.338215698


21395656.607683618 3417718.340462349


21395656.608330097 3417718.339735249


21395656.607606851 3417718.339132427


21395656.605818667 3417718.340480576


21395656.607281875 3417718.340133609


21395656.607604280 3417718.340500088


21395656.607603196 3417718.340389209


21395656.608463399 3417718.340325358


21395656.607444342 3417718.340446207


21395656.608457930 3417718.341397342


21395656.607530538 3417718.341110701


