21395656.613614596 3417718.303034639


21395656.612813413 3417718.304243773


21395656.614537384 3417718.306112044


21395656.613660067 3417718.302793935


21395656.613486178 3417718.302943487


21395656.613301672 3417718.306900348


21395656.614510380 3417718.306611310


21395656.610860817 3417718.303449668


21395656.610945083 3417718.302284504


21395656.610093232 3417718.301572050


21395656.609526403 3417718.303924749


21395656.610829122 3417718.303468459


21395656.610781580 3417718.300234648


21395656.610582262 3417718.302676163


21395656.611123487 3417718.302596947


21395656.610017553 3417718.306877000


21395656.610844024 3417718.301731044


21395656.611569803 3417718.302592585


21395656.612327952 3417718.298611637


21395656.610619426 3417718.301585387


21395656.611989744 3417718.299890172


21395656.611900065 3417718.300500940


21395656.612030830 3417718.300832330


21395656.611732721 3417718.299689387


21395656.610026632 3417718.299650616


21395656.611712221 3417718.300853925


21395656.607475694 3417718.301246481


21395656.609257866 3417718.300914877


21395656.609934200 3417718.301610567


21395656.609726619 3417718.301575633


21395656.608570296 3417718.300699817


21395656.609345332 3417718.301708730


21395656.609106012 3417718.303318966


21395656.608459122 3417718.299111489


21395656.607044596 3417718.301176769


21395656.609125655 3417718.300435648


21395656.609852828 3417718.303071405


21395656.607952073 3417718.301057009


21395656.609576844 3417718.300930241


21395656.607767977 3417718.303424450


21395656.610049117 3417718.298689354


21395656.610135499 3417718.299372329


21395656.607277282 3417718.297256401


21395656.607351787 3417718.295093328


21395656.606918070 3417718.298017655


21395656.606768653 3417718.297409223


21395656.606912430 3417718.299071161


21395656.606134500 3417718.297766571


21395656.606183175 3417718.299484883


21395656.605193652 3417718.299365182


21395656.604163397 3417718.298340284


21395656.605370075 3417718.299474348


21395656.607046857 3417718.298145768


21395656.606401820 3417718.299020706


21395656.605429318 3417718.299011728


21395656.606154550 3417718.299817830


21395656.604490317 3417718.305692756


21395656.605314530 3417718.303577801


21395656.606701285 3417718.303564247


21395656.606581487 3417718.305986504


21395656.605986930 3417718.302240556


21395656.604753342 3417718.304876995


21395656.604937576 3417718.304154413


21395656.604808249 3417718.303970862


21395656.604950983 3417718.303895540


21395656.605107404 3417718.306851063


21395656.605345283 3417718.305092989


21395656.605243366 3417718.302820751


21395656.603719115 3417718.303445540


21395656.605868131 3417718.301502454


21395656.605413061 3417718.303872543


21395656.606961288 3417718.300807951


21395656.606276374 3417718.302496469


21395656.605094127 3417718.302230801


21395656.605878331 3417718.305808560


21395656.605580896 3417718.306365915


21395656.610594545 3417718.303932791


21395656.608670130 3417718.306021535


21395656.609209187 3417718.305720561


21395656.611305960 3417718.306587185


21395656.609094270 3417718.308641774


21395656.610871930 3417718.307848173


21395656.610244863 3417718.307299854


21395656.610843711 3417718.306591703


21395656.610687561 3417718.306925897


21395656.611536473 3417718.308969055


21395656.610329889 3417718.311106228


21395656.609769832 3417718.310889922


21395656.608861178 3417718.307627564


21395656.607137255 3417718.304132914


21395656.608802658 3417718.301640107


21395656.606801797 3417718.304062267


21395656.607187606 3417718.304391164


21395656.607835349 3417718.303793424


21395656.607922230 3417718.306158216


21395656.606011361 3417718.303108949


21395656.605868578 3417718.304810651


21395656.606319811 3417718.303678865


21395656.607431982 3417718.303298364


21395656.608581763 3417718.305135284


21395656.608365104 3417718.305802737


21395656.608482011 3417718.303084802


21395656.609470319 3417718.307972761


21395656.609517507 3417718.304645617


21395656.610347092 3417718.304711437


21395656.610435594 3417718.307242546


21395656.612208921 3417718.306005429


21395656.610627186 3417718.308904015


21395656.612086330 3417718.304879252


21395656.611204449 3417718.309249523


21395656.610217273 3417718.309370060


21395656.611145929 3417718.309786061


21395656.611959349 3417718.311459934


21395656.611595672 3417718.310132815


21395656.611223597 3417718.311208382


21395656.611035071 3417718.309861070


21395656.610460475 3417718.304895143


21395656.608825505 3417718.307239801


21395656.610252582 3417718.309720865


21395656.609211355 3417718.305942319


21395656.611822896 3417718.307284432


21395656.610515520 3417718.305633868


21395656.611485224 3417718.308618405


21395656.611128408 3417718.307993520


21395656.611971229 3417718.307781984


21395656.612072553 3417718.305101167


21395656.622121431 3417718.305705254


21395656.622446589 3417718.304722551


21395656.622876149 3417718.307897183


21395656.623127256 3417718.305861757


21395656.621575098 3417718.306893413


21395656.622864865 3417718.303480198


21395656.622755945 3417718.305384864


21395656.623068828 3417718.303145537


21395656.622109149 3417718.304448626


21395656.623931196 3417718.303303442


21395656.622479014 3417718.304777679


21395656.619524162 3417718.305823044


21395656.619754545 3417718.300036061


21395656.621064354 3417718.305198100


21395656.620900486 3417718.303111284


21395656.620893128 3417718.300727233


21395656.618571796 3417718.304612570


21395656.618993141 3417718.303684373


21395656.617954262 3417718.300146064


21395656.617403597 3417718.300890709


21395656.617522079 3417718.306489469


21395656.618596271 3417718.303854586


21395656.617545381 3417718.302349368


21395656.618311618 3417718.300826390


21395656.617551796 3417718.299743403


21395656.618065249 3417718.301715913


21395656.616296351 3417718.300143785


21395656.616915330 3417718.304758130


21395656.617936786 3417718.303251138


21395656.617590539 3417718.300445324


21395656.618196022 3417718.302047303


21395656.617509753 3417718.300335223


21395656.619126711 3417718.301040203


21395656.618755352 3417718.302189689


21395656.619227044 3417718.301519743


21395656.618608512 3417718.300213595


21395656.619210336 3417718.303072358


21395656.618986141 3417718.301337280


21395656.618098214 3417718.301826479


21395656.618763529 3417718.301394901


21395656.618936833 3417718.302816289


21395656.618212953 3417718.305410784


21395656.619303986 3417718.302868146


21395656.616290212 3417718.299515471


21395656.617429700 3417718.300299043


21395656.616310619 3417718.301603690


21395656.615433890 3417718.303238639


21395656.617446315 3417718.301999187


21395656.617332928 3417718.301815477


21395656.617367156 3417718.302055404


21395656.617481805 3417718.302368470


21395656.616976473 3417718.301227552


21395656.617767274 3417718.302217827


21395656.616351843 3417718.304190708


21395656.617117129 3417718.304201710


21395656.615723379 3417718.301868173


21395656.619189203 3417718.300910220


21395656.619183965 3417718.300374306


21395656.618592750 3417718.300232231


21395656.617075861 3417718.303241073


21395656.617603227 3417718.300112532


21395656.616109185 3417718.302197069


21395656.618486729 3417718.302432574


21395656.618395291 3417718.301232167


21395656.618224200 3417718.298406157


21395656.617948484 3417718.299554710


21395656.617106024 3417718.299803205


21395656.617163416 3417718.300782167


21395656.617067780 3417718.300783101


21395656.617313918 3417718.301501478


21395656.617101643 3417718.300986068


21395656.617027365 3417718.301541241


21395656.615657091 3417718.301610078


21395656.617707487 3417718.302625007


21395656.616689790 3417718.299622456


21395656.615965772 3417718.300572093


21395656.613569673 3417718.296806789


21395656.614055265 3417718.297559787


21395656.616442833 3417718.302082918


21395656.618063945 3417718.303212934


21395656.617882326 3417718.300941474


21395656.619769622 3417718.304841123


21395656.619676154 3417718.305063815


21395656.618876051 3417718.306383826


21395656.615698002 3417718.302533756


21395656.613609362 3417718.295974731


21395656.611516159 3417718.297104083


21395656.611544833 3417718.295144756


21395656.613768626 3417718.294328314


21395656.615189105 3417718.299396864


21395656.618721489 3417718.301986724


21395656.619829044 3417718.310920979


21395656.616582904 3417718.306628017


21395656.615548268 3417718.306785982


21395656.612332873 3417718.304008209


21395656.611926116 3417718.301535653


21395656.611690503 3417718.300262728


21395656.611182369 3417718.302097369


21395656.611597978 3417718.305475436


21395656.614687163 3417718.306757435


21395656.613040857 3417718.306311485


21395656.612693753 3417718.301786893


21395656.614007492 3417718.302457872


21395656.610232584 3417718.299519231


21395656.606486440 3417718.297892504


21395656.605461329 3417718.294132281


21395656.605889536 3417718.293906316


21395656.609006532 3417718.304558204


21395656.608637027 3417718.304266110


21395656.610810161 3417718.308052075


21395656.613489654 3417718.308192220


21395656.614840280 3417718.311006701


21395656.614178851 3417718.308573598


21395656.613382410 3417718.308636826


21395656.613669734 3417718.307044604


21395656.612607505 3417718.309272773


21395656.614081677 3417718.311679451


21395656.616317209 3417718.305540202


21395656.619584624 3417718.307116164


21395656.617201120 3417718.306270824


21395656.615552694 3417718.303976740


21395656.618221395 3417718.307905714


21395656.618282445 3417718.307627893


21395656.617325477 3417718.302684185


21395656.614034314 3417718.301940125


21395656.610079687 3417718.300186064


21395656.609853510 3417718.298247708


21395656.615031742 3417718.304499316


21395656.612318017 3417718.304119245


21395656.612972900 3417718.300989456


21395656.613672033 3417718.302387224


21395656.614107963 3417718.304582270


21395656.611409549 3417718.294351371


21395656.612506360 3417718.298924081


21395656.611567408 3417718.297454732


21395656.611812197 3417718.301296507


21395656.613016516 3417718.302190333


21395656.613558829 3417718.302221995


21395656.611537423 3417718.300911079


21395656.610049978 3417718.300408132


21395656.610666748 3417718.299903102


21395656.609817155 3417718.296159646


21395656.612009071 3417718.301867510


21395656.613204185 3417718.301818868


21395656.611138392 3417718.300859534


21395656.609529793 3417718.299378249


21395656.609899703 3417718.298080923


21395656.608424895 3417718.298871562


21395656.610811874 3417718.298441639


21395656.609572012 3417718.298804906


21395656.608958807 3417718.301305913


21395656.610538103 3417718.301419847


21395656.610417489 3417718.300496948


21395656.611497462 3417718.304977415


21395656.611739360 3417718.301999519


21395656.613717776 3417718.305436236


21395656.614972811 3417718.306625272


21395656.614155281 3417718.302899985


21395656.614289571 3417718.306853729


21395656.616094686 3417718.308869061


21395656.617013544 3417718.309913528


21395656.614272863 3417718.308406345


21395656.614320863 3417718.308424357


21395656.611160062 3417718.309601105


21395656.612777244 3417718.308698186


21395656.612598836 3417718.308385742


21395656.611266404 3417718.309064102


21395656.614092197 3417718.311124902


21395656.612968609 3417718.311967554


21395656.612801354 3417718.307903241


21395656.612244684 3417718.309664432


21395656.613489967 3417718.309855559


21395656.611183766 3417718.310395583


21395656.613427155 3417718.314846199


21395656.614096265 3417718.308278699


21395656.613344479 3417718.311280061


21395656.612983868 3417718.310267100


21395656.613450460 3417718.310706098


21395656.613128323 3417718.307105338


21395656.613540318 3417718.310113809


21395656.612534262 3417718.311565204


21395656.612660199 3417718.309771261


21395656.612082217 3417718.309351833


21395656.612889905 3417718.308807974


21395656.612754527 3417718.311267348


21395656.613715068 3417718.311683034


21395656.614347097 3417718.309477550


21395656.613015886 3417718.311911647


21395656.613061402 3417718.310044563


21395656.612651348 3417718.308865749


21395656.614555128 3417718.312820681


21395656.612285502 3417718.313840870


21395656.612222470 3417718.313915412


21395656.614740487 3417718.310582600


21395656.614846602 3417718.311653494


21395656.612676319 3417718.316313581


21395656.613044471 3417718.313205078


21395656.613353599 3417718.308951295


21395656.613425352 3417718.308137404


21395656.612370577 3417718.309496867


21395656.614398215 3417718.308183340


21395656.614659615 3417718.307201262


21395656.612580366 3417718.308127181


21395656.613963507 3417718.307744031


21395656.614347640 3417718.309532990


21395656.615229700 3417718.305181198


21395656.614100508 3417718.305450977


21395656.613977872 3417718.305951178


21395656.614564702 3417718.307276117


21395656.615758285 3417718.310332391


21395656.615721662 3417718.311478608


21395656.615740173 3417718.310110790


21395656.614320457 3417718.310013777


21395656.615328316 3417718.308747178


21395656.616266232 3417718.308479270


