1165882.154722967 0.000000000


1165882.154722967 0.000000000


1165882.154722967 0.000000000


1165882.154722967 0.000000000


1165882.154722967 0.000000000


1165882.154722967 0.000000000


1165882.154722967 0.000000000


1165882.154722967 0.000000000


1165882.154722967 0.000000000


1165882.154722967 0.000000000


1165882.154722967 0.000000000


1165882.154722967 0.000000000


1165882.154722967 0.000000000


1165882.154722967 0.000000000


1165882.154722967 0.000000000


1165882.154722967 0.000000000


1165882.154722967 0.000000000


1165882.154722967 0.000000000


1165882.154722967 0.000000000


1165882.154722967 0.000000000


1165882.154722967 0.000000000


1165882.154722967 0.000000000


1165882.154722967 0.000000000


1165882.154722967 0.000000000


1165882.154722967 0.000000000


1165882.154722967 0.000000000


1165882.154722967 0.000000000


