21395656.478710983 3417715.070983254


21395656.481916625 3417715.066239123


21395656.484788436 3417715.061590662


21395656.487449244 3417715.056556149


21395656.490282495 3417715.051224247


21395656.492859803 3417715.045802438


21395656.495378777 3417715.040935646


21395656.498161677 3417715.035345494


21395656.500945844 3417715.029884699


21395656.503637444 3417715.024738996


21395656.506365076 3417715.020018019


21395656.508588422 3417715.015893380


21395656.510955043 3417715.011748858


21395656.512809061 3417715.007350606


21395656.514992394 3417715.002394685


21395656.517333861 3417714.997307851


21395656.519691810 3417714.992276298


21395656.521877676 3417714.987579097


21395656.524662927 3417714.982229180


21395656.527063638 3417714.976679728


21395656.529326670 3417714.971723030


21395656.531432297 3417714.966971168


21395656.534109764 3417714.962010419


21395656.536484011 3417714.957015669


21395656.539239734 3417714.951906304


21395656.541788597 3417714.946835923


21395656.543972112 3417714.941898485


21395656.546526033 3417714.937345538


21395656.548731633 3417714.933036255


21395656.551234663 3417714.928169620


21395656.553853426 3417714.923726929


21395656.556024257 3417714.919122282


21395656.558605902 3417714.914143989


21395656.560905874 3417714.909704413


21395656.563696001 3417714.904853453


21395656.566413835 3417714.900760944


21395656.568593327 3417714.897043328


21395656.571088370 3417714.892989960


21395656.573502444 3417714.888808012


21395656.575616017 3417714.884869261


21395656.578151472 3417714.880057752


21395656.609169163 3417714.830722984


21395656.611961462 3417714.826093783


21395656.614832189 3417714.821334442


21395656.617734253 3417714.816519350


21395656.620383274 3417714.811910031


21395656.622670013 3417714.807747808


21395656.625064176 3417714.803159461


21395656.627641983 3417714.799419470


21395656.630184840 3417714.795365635


21395656.631313492 3417714.795040417


21395656.632094897 3417714.795069743


21395656.632965080 3417714.794395901


21395656.633787986 3417714.793777966


21395656.634263828 3417714.793533056


21395656.634630263 3417714.793510993


21395656.635199934 3417714.793080349


21395656.635518909 3417714.793095713


21395656.635904171 3417714.793369171


21395656.636241615 3417714.793643096


21395656.636526722 3417714.793455495


21395656.637159798 3417714.792987269


21395656.637952086 3417714.792499004


21395656.638873700 3417714.792194290


21395656.639607288 3417714.792224084


21395656.640454978 3417714.792511503


21395656.640583403 3417714.792602656


21395656.640597176 3417714.792380745


21395656.640153568 3417714.792662302


21395656.640299015 3417714.792864178


21395656.640807819 3417714.792729834


21395656.640815046 3417714.793469028


21395656.641292516 3417714.793390434


21395656.641501538 3417714.793573207


21395656.642181166 3417714.792975154


21395656.642992105 3417714.792763932


21395656.644195393 3417714.791920500


21395656.644986600 3417714.791321358


21395656.645505205 3417714.790558544


21395656.646023449 3417714.789758771


21395656.646241188 3417714.789202195


21395656.646793839 3417714.788660829


21395656.647142343 3417714.788435644


21395656.647337236 3417714.788803370


21395656.648004353 3417714.788556590


21395656.648718752 3417714.788253902


21395656.649436578 3417714.788302331


21395656.649703398 3417714.787874647


21395656.650304954 3417714.787443692


21395656.650764856 3417714.787198937


21395656.651304640 3417714.786971882


21395656.651950944 3417714.786226301


21395656.652122848 3417714.785873472


21395656.652453791 3417714.785482124


21395656.652614992 3417714.785665365


21395656.653054982 3417714.785014210


21395656.653561983 3417714.784695068


21395656.654261343 3417714.784484935


21395656.654959440 3417714.784145444


21395656.655296158 3417714.784345450


21395656.655723099 3417714.783990127


21395656.655609716 3417714.783806419


21395656.655764058 3417714.783287427


21395656.655536205 3417714.782809134


21395656.655487303 3417714.782698723


21395656.655630581 3417714.782678839


21395656.656262748 3417714.782118214


21395656.656808309 3417714.782482514


21395656.657441922 3417714.782069727


21395656.657981344 3417714.781805712


21395656.658693213 3417714.781244308


21395656.659324661 3417714.780609764


21395656.659492232 3417714.779813418


21395656.659597311 3417714.779147053


21395656.659809086 3417714.777980646


21395656.660107784 3417714.777552648


21395656.660282400 3417714.777477017


21395656.660563532 3417714.776882859


21395656.660720408 3417714.776622583


21395656.661115106 3417714.776230613


21395656.661507275 3417714.775579924


21395656.661580831 3417714.774950833


21395656.661574513 3417714.774304038


21395656.661728851 3417714.773785047


21395656.661976300 3417714.773006401


21395656.661902249 3417714.771953676


21395656.662323050 3417714.770970040


21395656.662983667 3417714.770057986


21395656.663503714 3417714.769443012


21395656.664087523 3417714.768827415


21395656.664706822 3417714.768581100


21395656.665592946 3417714.767907104


21395656.666207366 3417714.767161835


21395656.666422758 3417714.766365023


21395656.666591231 3417714.765661077


21395656.667106591 3417714.764565627


21395656.667181049 3417714.764028933


21395656.667999800 3417714.762985963


21395656.668456994 3417714.762464011


21395656.669075031 3417714.762088339


21395656.670024727 3417714.761395238


21395656.670454197 3417714.761298634


21395656.670902859 3417714.761534509


21395656.671443723 3417714.761418335


21395656.671970278 3417714.761468632


21395656.672377303 3417714.760706909


21395656.673088267 3417714.760053105


21395656.674094319 3417714.758601712


21395656.675404675 3417714.757295193


21395656.676164724 3417714.756770281


21395656.676905584 3417714.755912887


21395656.677821234 3417714.754998341


21395656.679074690 3417714.754394681


21395656.680183064 3417714.753626104


21395656.681375470 3417714.753300263


21395656.682402883 3417714.752403105


21395656.683474682 3417714.751154364


21395656.684045266 3417714.750816119


21395656.684666008 3417714.750717644


21395656.685347438 3417714.750304389


21395656.686458703 3417714.749831490


21395656.687899463 3417714.748819403


21395656.689452708 3417714.747898626


21395656.690779179 3417714.746610433


21395656.692499809 3417714.744874829


21395656.694284018 3417714.743120123


21395656.695388239 3417714.741926510


21395656.696078207 3417714.740755429


21395656.697088413 3417714.739729069


21395656.697943017 3417714.739092343


21395656.699147396 3417714.738359791


21395656.700274598 3417714.737886735


21395656.701287154 3417714.737100612


21395656.703270227 3417714.736120188


21395656.705265082 3417714.734714573


21395656.706598416 3417714.734128614


21395656.707616929 3417714.733952325


21395656.708506126 3417714.733592485


21395656.709079772 3417714.733568396


21395656.709899426 3417714.732617825


21395656.711084068 3417714.731497353


21395656.712644942 3417714.729726349


21395656.714493450 3417714.728026459


21395656.716297753 3417714.726696632


21395656.717928704 3417714.725571798


21395656.719368201 3417714.724430353


21395656.720253423 3417714.723663957


21395656.720425148 3417714.723292648


21395656.720246557 3417714.722961725


21395656.720348381 3417714.721962722


21395656.720893446 3417714.720645206


21395656.721396837 3417714.719956467


21395656.722347617 3417714.719374246


21395656.723076690 3417714.718942044


21395656.724315293 3417714.718449418


21395656.725717269 3417714.718361789


21395656.726800263 3417714.718258796


21395656.727883805 3417714.718211243


21395656.728786401 3417714.717592529


21395656.729420017 3417714.717179742


21395656.730036967 3417714.716693191


21395656.730364662 3417714.715969207


21395656.730492722 3417714.716023400


21395656.730086051 3417714.716822083


21395656.729933519 3417714.717525873


21395656.730347410 3417714.717466383


21395656.730935916 3417714.717331259


21395656.731603757 3417714.717158400


21395656.732317071 3417714.716744834


21395656.732899435 3417714.715981397


21395656.733392298 3417714.715847209


21395656.733819783 3417714.715547325


21395656.734299961 3417714.715745930


21395656.734606791 3417714.716149526


21395656.734834462 3417714.716609340


21395656.735079154 3417714.717179878


21395656.735527091 3417714.717341833


21395656.736259777 3417714.717279227


21395656.736488894 3417714.717886881


21395656.736568592 3417714.717886101


21395656.736538157 3417714.718034253


21395656.736272238 3417714.718554335


21395656.736164637 3417714.718961981


21395656.735958144 3417714.719037926


21395656.735962298 3417714.719462961


21395656.736454800 3417714.719291814


21395656.737062313 3417714.719470693


21395656.737829406 3417714.719666493


21395656.738514453 3417714.719622832


21395656.739231195 3417714.719560384


21395656.739752334 3417714.719056287


21395656.740245022 3417714.718903620


21395656.740644414 3417714.718992124


21395656.741516944 3417714.718558521


21395656.742137328 3417714.718423086


21395656.742390554 3417714.718235796


21395656.742628209 3417714.718085621


21395656.743135028 3417714.717747997


21395656.743609242 3417714.717336768


21395656.743640400 3417714.717262538


21395656.743874263 3417714.716724287


21395656.744584683 3417714.716015043


21395656.745136254 3417714.715362797


21395656.746229049 3417714.714631335


21395656.746861577 3417714.714107671


21395656.747527793 3417714.713768491


21395656.748118646 3417714.713873604


21395656.748266261 3417714.714297238


21395656.748095982 3417714.714816386


21395656.748368584 3417714.714980057


21395656.748245038 3417714.715387859


21395656.748383980 3417714.714924461


21395656.748987883 3417714.714733744


21395656.749794126 3417714.714042045


21395656.750760667 3417714.713441188


21395656.751395907 3417714.713194720


21395656.752044197 3417714.712652418


21395656.752487436 3417714.712333899


21395656.752595406 3417714.711963212


21395656.752576575 3417714.711667691


21395656.752166118 3417714.712078298


21395656.751850750 3417714.712432530


21395656.751514576 3417714.712287963


21395656.751011185 3417714.712976701


21395656.751225263 3417714.713676908


21395656.751769923 3417714.713948808


21395656.752279993 3417714.713943823


21395656.752634279 3417714.714309992


21395656.753024600 3417714.715100885


21395656.753397353 3417714.715725615


21395656.753798194 3417714.715961959


21395656.753944002 3417714.716200794


21395656.753727347 3417714.716868248


21395656.753571201 3417714.717202442


21395656.753942508 3417714.717679334


21395656.754586238 3417714.718301416


21395656.755194839 3417714.718591173


21395656.756088726 3417714.718711809


21395656.756776303 3417714.718926869


21395656.749325499 3417714.728074141


21395656.742521182 3417714.736494314


21395656.735446073 3417714.744935615


21395656.728351410 3417714.753007477


21395656.720751375 3417714.761564800


21395656.713260386 3417714.769862312


21395656.705837671 3417714.778621198


21395656.697908320 3417714.787736185


21395656.690836459 3417714.796510124


21395656.683652483 3417714.805229713


21395656.685096134 3417714.804513304


21395656.686727263 3417714.803406949


21395656.688328505 3417714.802504183


21395656.690054554 3417714.801322974


21395656.690992471 3417714.801055066


21395656.691575374 3417714.800347068


21395656.691656698 3417714.800512608


21395656.692120936 3417714.800711368


21395656.692692056 3417714.800428562


21395656.693616200 3417714.800382568


21395656.694633629 3417714.800095400


21395656.695776235 3417714.799566749


21395656.696692068 3417714.798670684


21395656.698037367 3417714.797678010


21395656.699365824 3417714.796593096


21395656.700978316 3417714.795209700


21395656.702305149 3417714.793958466


21395656.703395415 3417714.792968287


21395656.704045150 3417714.792573825


21395656.704866968 3417714.791845011


21395656.705771744 3417714.791448055


21395656.706434168 3417714.790720799


21395656.707332797 3417714.789695529


21395656.708467271 3417714.788335287


21395656.709792659 3417714.786936215


21395656.711049408 3417714.785038811


21395656.711945694 3417714.783773304


21395656.712575335 3417714.782953961


21395656.713049192 3417714.782505773


21395656.713142838 3417714.782301561


21395656.712963711 3417714.781915197


21395656.712926235 3417714.781342636


21395656.712742411 3417714.780475798


21395656.712796595 3417714.779495745


21395656.713180639 3417714.778013466


21395656.713873677 3417714.777156539


21395656.714532308 3417714.776041207


21395656.714768875 3417714.782304149


21395656.715054072 3417714.778863789


21395656.715148360 3417714.775462258


21395656.714775696 3417714.771584769


21395656.715038452 3417714.767479293


21395656.715122081 3417714.762987453


21395656.715201017 3417714.758015138


21395656.714595623 3417714.753160400


21395656.714070838 3417714.748397283


21395656.713708512 3417714.743946765


21395656.713146381 3417714.740255944


21395656.712951947 3417714.736672420


21395656.712786861 3417714.732829866


21395656.712582447 3417714.729856330


21395656.712636318 3417714.727212939


21395656.713016070 3417714.723660765


21395656.713317752 3417714.720275689


21395656.713960357 3417714.715889274


21395656.714698233 3417714.711464966


21395656.715115510 3417714.706858977


21395656.715171959 3417714.702847923


21395656.715242181 3417714.698614957


21395656.714902114 3417714.694811076


21395656.714957297 3417714.690670664


21395656.714964297 3417714.686493760


21395656.715210032 3417714.682277558


21395656.716073986 3417714.677704166


21395656.716688320 3417714.673687660


21395656.717018809 3417714.669988116


21395656.717142262 3417714.666309077


21395656.717644658 3417714.662256702


21395656.718083121 3417714.658186469


21395656.718928780 3417714.653372996


21395656.719572827 3417714.649134421


21395656.720711004 3417714.644891016


21395656.721816584 3417714.640574003


21395656.722528365 3417714.636741362


21395656.724785257 3417714.631156350


21395656.726698518 3417714.626295479


21395656.728513617 3417714.621176824


21395656.730246846 3417714.615837190


21395656.732323349 3417714.609736458


21395656.736236840 3417714.599126749


21395656.740120262 3417714.588702150


21395656.743926156 3417714.578500087


21395656.747275937 3417714.568930856


21395656.750203289 3417714.560178943


21395656.753305800 3417714.551406835


21395656.756359953 3417714.542579757


21395656.759459034 3417714.533456534


21395656.762779284 3417714.524127851


21395656.766383015 3417714.514445249


21395656.769714687 3417714.504654415


21395656.773097973 3417714.495251191


21395656.776453711 3417714.486291794


21395656.779937334 3417714.477368109


21395656.783530723 3417714.468258536


21395656.787143845 3417714.459536884


21395656.790585428 3417714.451205021


21395656.794292565 3417714.442316115


21395656.796113800 3417714.437825774


21395656.797756452 3417714.433004510


21395656.799681861 3417714.427755408


21395656.801050466 3417714.422622636


21395656.802025095 3417714.417955753


21395656.802699756 3417714.413587508


21395656.803931225 3417714.409102932


21395656.805065792 3417714.404489930


21395656.806438010 3417714.399726753


21395656.808070134 3417714.395460042


21395656.809097096 3417714.391254687


21395656.809889477 3417714.387513664


21395656.810549460 3417714.383274933


21395656.811713923 3417714.378458344


21395656.812643621 3417714.374087606


21395656.814046092 3417714.369157800


21395656.815313049 3417714.365042508


21395656.816528037 3417714.360502649


21395656.818135016 3417714.355293619


21395656.819380436 3417714.350605610


21395656.820893582 3417714.345582315


21395656.822538398 3417714.340982809


21395656.824089203 3417714.336550555


21395656.825402718 3417714.332305436


21395656.826800808 3417714.328558494


21395656.828024101 3417714.324868706


21395656.828981116 3417714.321662040


21395656.829945404 3417714.317568188


21395656.831023436 3417714.313695003


21395656.831736658 3417714.310010199


21395656.832498066 3417714.306361888


21395656.832940854 3417714.302735170


21395656.833843008 3417714.298808260


21395656.834662572 3417714.294586451


21395656.836035695 3417714.289915675


21395656.837194327 3417714.286134110


21395656.838178527 3417714.282446656


21395656.839272682 3417714.278591796


21395656.840067767 3417714.275127971


21395656.841498278 3417714.271436157


21395656.842505824 3417714.268506220


21395656.843159623 3417714.265265555


21395656.843435563 3417714.262509104


21395656.844153304 3417714.259286296


21395656.844660215 3417714.255695914


21395656.844728585 3417714.252904529


21395656.844813611 3417714.250186906


21395656.845422845 3417714.247279346


21395656.846636523 3417714.244236507


21395656.848376926 3417714.241262444


21395656.850283284 3417714.237325719


21395656.851575576 3417714.234171221


21395656.852283157 3417714.231539921


21395656.852620330 3417714.228524130


21395656.852767128 3417714.225602607


21395656.852934923 3417714.223198361


21395656.853335496 3417714.220144988


21395656.854227129 3417714.216772626


21395656.855675206 3417714.213246974


21395656.858841792 3417714.206137584


21395656.862185337 3417714.199192796


21395656.865722328 3417714.192467897


21395656.868351482 3417714.185825798


21395656.871150732 3417714.178646070


21395656.874105945 3417714.171113669


21395656.875969455 3417714.164423609


21395656.877996504 3417714.158157024


21395656.879802570 3417714.152114379


21395656.881168831 3417714.146741370


21395656.882816222 3417714.140774202


21395656.884878766 3417714.134876904


21395656.887305759 3417714.128754263


21395656.890062429 3417714.122110917


21395656.892910581 3417714.115041602


21395656.895569623 3417714.108195914


21395656.897291116 3417714.101655093


21395656.899646584 3417714.094738444


21395656.901793931 3417714.087731422


21395656.904183444 3417714.081036219


21395656.906340908 3417714.075064068


21395656.909293909 3417714.068936287


21395656.912174620 3417714.063566958


21395656.914756447 3417714.058607143


21395656.916817322 3417714.054169907


21395656.919005536 3417714.049712942


21395656.920996144 3417714.044611053


21395656.923112292 3417714.039304640


21395656.924898040 3417714.034445016


21395656.926856775 3417714.029343439


21395656.929135025 3417714.024312666


21395656.931330871 3417714.019005474


21395656.933956906 3417714.013675597


21395656.936253082 3417714.008847948


21395656.938327909 3417714.004207275


21395656.940629143 3417713.999897060


21395656.941634659 3417713.998390225


21395656.942793604 3417713.996271998


21395656.944028821 3417713.993801876


21395656.945722312 3417713.990920680


21395656.946971662 3417713.988265606


21395656.948679108 3417713.985180975


21395656.949817605 3417713.982600911


21395656.950914241 3417713.980631145


21395656.952140376 3417713.978863413


21395656.953003876 3417713.977505818


21395656.954358075 3417713.975792278


21395656.955064341 3417713.974657999


21395656.955835093 3417713.973597016


21395656.956636459 3417713.972406364


21395656.957519509 3417713.971418210


21395656.959430922 3417713.967998918


21395656.961882297 3417713.964371054


21395656.964665513 3417713.960444240


21395656.967474476 3417713.955888802


21395656.969679531 3417713.951524079


21395656.971488256 3417713.947385012


21395656.973264746 3417713.943209296


21395656.975104272 3417713.938959036


21395656.976785485 3417713.934821214


21395656.978250947 3417713.931443246


21395656.980129216 3417713.927894908


21395656.981957857 3417713.924162239


21395656.984118521 3417713.920149100


21395656.986358888 3417713.916135184


21395656.988567017 3417713.912084621


21395656.990084268 3417713.909112739


21395656.991188895 3417713.906329707


21395656.992484260 3417713.903489367


21395656.993806984 3417713.900186719


21395656.995065048 3417713.896792295


21395656.996558957 3417713.893062899


21395656.998737730 3417713.889271365


21395657.001250338 3417713.885384157


21395657.003577624 3417713.882108655


21395657.006085850 3417713.879404312


21395657.008643702 3417713.876884301


21395657.010724984 3417713.874535282


21395657.013452936 3417713.871477642


21395657.015557427 3417713.868241278


21395657.017292239 3417713.864694344


21395657.018629458 3417713.861243702


21395657.020189475 3417713.857753919


21395657.022111952 3417713.853835518


21395657.023718160 3417713.850178949


21395657.025325093 3417713.846596300


21395657.027156081 3417713.843103869


21395657.028621905 3417713.839762859


21395657.030597437 3417713.836379905


21395657.032501578 3417713.833847802


21395657.033821367 3417713.831875856


21395657.035225190 3417713.830346648


21395657.037180044 3417713.828109752


21395657.039434135 3417713.825500300


21395657.041777723 3417713.822261602


21395657.044026580 3417713.819116237


21395657.045657758 3417713.816383502


21395657.047463007 3417713.813519697


21395657.049142729 3417713.810860415


21395657.051120788 3417713.807736178


21395657.052671012 3417713.804874865


21395657.054570455 3417713.801862286


21395657.055669617 3417713.800151238


21395657.056370828 3417713.798499526


21395657.057421993 3417713.796770466


21395657.058028109 3417713.795175126


21395657.059251178 3417713.793093236


21395657.060297281 3417713.790846741


21395657.061450996 3417713.788192601


21395657.061925981 3417713.786228912


21395657.063477822 3417713.783533917


21395657.065152667 3417713.780375680


21395657.067193583 3417713.777158420


21395657.069868837 3417713.773602294


21395657.072612725 3417713.770544498


21395657.074978575 3417713.767952437


21395657.077329211 3417713.765434449


21395657.079453617 3417713.762604489


21395657.080705859 3417713.760245089


21395657.081986904 3417713.757571223


21395657.083526332 3417713.758498739


21395657.084794234 3417713.759373462


21395657.086657148 3417713.760778336


21395657.088569503 3417713.762349061


21395657.090375707 3417713.764475270


21395657.092277542 3417713.766600546


21395657.094451796 3417713.768871010


21395657.095594078 3417713.773203016


21395657.096750855 3417713.777387027


21395657.097870518 3417713.781035436


21395657.098890573 3417713.784278225


21395657.100115847 3417713.787315708


21395657.101400372 3417713.789890574


21395657.103084110 3417713.792535466


21395657.105039541 3417713.795251628


21395657.106475290 3417713.798619722


21395657.107213661 3417713.802401230


21395657.107693389 3417713.805815631


21395657.108057737 3417713.808843048


21395657.108024687 3417713.811985239


21395657.108575124 3417713.812848493


21395657.109354138 3417713.814263961


21395657.110176094 3417713.815180006


21395657.111159798 3417713.816334732


21395657.112385482 3417713.817782797


21395657.113705721 3417713.819119048


21395657.114886612 3417713.822508117


21395657.116337396 3417713.825783657


21395657.118075814 3417713.829130314


21395657.119617719 3417713.831942925


21395657.121152174 3417713.835624243


21395657.122482125 3417713.839584783


21395657.123338394 3417713.844011992


21395657.124162249 3417713.848384073


21395657.124385446 3417713.853279509


21395657.124277342 3417713.858529332


21395657.123990107 3417713.863392794


21395657.124266591 3417713.867215777


21395657.124253988 3417713.870819807


21395657.124553863 3417713.873773928


21395657.124948114 3417713.876597757


21395657.125599381 3417713.879622369


21395657.126570161 3417713.882717786


21395657.127614826 3417713.886847449


21395657.128400113 3417713.890536088


21395657.128489830 3417713.894822936


21395657.128262747 3417713.899316178


21395657.128341045 3417713.904065177


21395657.128160872 3417713.908465552


21395657.128262017 3417713.912290249


21395657.129097294 3417713.916200180


21395657.129695099 3417713.920278766


21395657.130355399 3417713.924227369


21395657.131471448 3417713.927506182


21395657.131880142 3417713.931808393


21395657.132069837 3417713.936537823


21395657.132585596 3417713.940376949


21395657.133133233 3417713.944215766


21395657.133281656 3417713.947984554


21395657.133933827 3417713.951101566


21395657.134600315 3417713.954052106


21395657.135568392 3417713.956870324


21395657.136698034 3417713.959908743


21395657.137354717 3417713.963487751


21395657.137601309 3417713.967514323


21395657.138182454 3417713.971519146


21395657.138598599 3417713.974952651


21395657.138859320 3417713.978794270


21395657.140230764 3417713.982107549


21395657.141006842 3417713.984853719


21395657.141895764 3417713.987728157


21395657.142846815 3417713.990435653


21395657.144180063 3417713.993102451


21395657.145038906 3417713.996161999


21395657.145993933 3417713.999276051


21395657.147013079 3417714.002426439


21395657.148097791 3417714.005761003


21395657.149150986 3417714.009132837


21395657.150002558 3417714.013079572


21395657.150470860 3417714.016956124


21395657.150616754 3417714.020466197


21395657.150936544 3417714.023826720


21395657.151571870 3417714.026851489


21395657.152233478 3417714.029303072


21395657.152972259 3417714.031495158


21395657.153768294 3417714.033021349


21395657.154571015 3417714.035231291


21395657.155501612 3417714.037476950


21395657.156503376 3417714.040479655


21395657.157337565 3417714.044278707


21395657.157412067 3417714.048639630


21395657.157134995 3417714.052911580


21395657.156858828 3417714.057275932


21395657.157290373 3417714.060653843


21395657.157990906 3417714.063825828


21395657.158979077 3417714.067068926


21395657.160351966 3417714.070530043


21395657.161573764 3417714.074842792


21395657.162842844 3417714.079099631


21395657.164026443 3417714.082765896


21395657.164906289 3417714.086342723


21395657.165739037 3417714.089993934


21395657.166558910 3417714.093959460


21395657.167248923 3417714.097685995


21395657.167855263 3417714.101006753


21395657.169114050 3417714.104210243


21395657.170624975 3417714.107115565


21395657.172482602 3417714.109610904


21395657.173879970 3417714.112314039


21395657.175073192 3417714.115333353


21395657.176754579 3417714.117738007


21395657.178625617 3417714.119974473


21395657.179580465 3417714.123070046


21395657.180886708 3417714.126236109


21395657.182179898 3417714.129698006


21395657.183096319 3417714.133754997


21395657.184099887 3417714.136942499


21395657.184850406 3417714.140335775


21395657.185747813 3417714.144078763


21395657.186911322 3417714.147320149


21395657.188123912 3417714.150690425


21395657.189569816 3417714.153467011


21395657.190872263 3417714.156245000


21395657.192350771 3417714.159095192


21395657.193541642 3417714.161874272


21395657.194587067 3417714.164451475


21395657.195697702 3417714.167175894


21395657.196428306 3417714.170162768


21395657.196963664 3417714.172744956


21395657.197860572 3417714.174806126


21395657.198568378 3417714.177090924


21395657.199581567 3417714.179631479


21395657.200867895 3417714.182391144


21395657.201841388 3417714.185763756


21395657.202960510 3417714.189356727


21395657.203845050 3417714.193414027


21395657.204266250 3417714.197364968


21395657.204024669 3417714.202006204


21395657.203684743 3417714.206371177


21395657.203342464 3417714.210495914


21395657.203588150 3417714.214430088


21395657.203594200 3417714.218311159


21395657.204066291 3417714.222575789


21395657.204645086 3417714.226340372


21395657.204942748 3417714.230699115


21395657.205559921 3417714.235128660


21395657.206057757 3417714.238764666


21395657.206552517 3417714.242086514


21395657.206466720 3417714.246356595


21395657.206063755 3417714.250796111


21395657.204835355 3417714.255594844


21395657.203748431 3417714.260188899


21395657.202663310 3417714.264967750


21395657.201227333 3417714.269731550


21395657.200165782 3417714.273660018


21395657.199403293 3417714.277197452


21395657.199182034 3417714.280655668


21395657.198964749 3417714.284520440


21395657.198848154 3417714.288901712


21395657.197777528 3417714.293532569


21395657.196435023 3417714.298073675


21395657.195342861 3417714.302131816


21395657.193933703 3417714.306377867


21395657.193001479 3417714.310489888


21395657.192148231 3417714.314527210


21395657.191151157 3417714.318528975


21395657.190127086 3417714.323030007


21395657.188800521 3417714.327570957


21395657.187350415 3417714.332519710


21395657.181861822 3417714.341814140


21395657.176607810 3417714.350644237


21395657.170911461 3417714.359885253


21395657.166070618 3417714.368581942


21395657.165535260 3417714.372523749


21395657.164982874 3417714.376354833


21395657.164021481 3417714.380744361


21395657.162299491 3417714.385603364


21395657.160720784 3417714.390442485


21395657.158522412 3417714.395490958


21395657.156193629 3417714.400245002


21395657.153880607 3417714.404980410


21395657.151631888 3417714.409770634


21395657.148512628 3417714.415197739


21395657.145934589 3417714.420545628


21395657.143946148 3417714.425869275


21395657.141748495 3417714.430991667


21395657.140011109 3417714.435906265


21395657.138287682 3417714.440617428


21395657.136740305 3417714.445400798


21395657.134716906 3417714.450410597


21395657.132295381 3417714.455461253


21395657.130013518 3417714.460122430


21395657.127441127 3417714.464416815


21395657.124729071 3417714.469100676


21395657.122273680 3417714.473948366


21395657.119960297 3417714.478646813


21395657.117716093 3417714.483899033


21395657.115838319 3417714.489129189


21395657.114437472 3417714.494225313


21395657.112465870 3417714.499641202


21395657.111091487 3417714.504182620


21395657.109607510 3417714.508928407


21395657.107929911 3417714.513435825


21395657.106282748 3417714.517795094


21395657.104406826 3417714.521583669


21395657.102208864 3417714.525042723


21395657.099650063 3417714.529096714


21395657.097189430 3417714.533408488


21395657.094871353 3417714.537626462


21395657.092888735 3417714.541915084


21395657.091446433 3417714.546032088


21395657.089961376 3417714.550666995


21395657.088381220 3417714.555358278


21395657.086931113 3417714.560307030


21395657.087008417 3417714.561692392


21395657.087495640 3417714.562611709


21395657.088188812 3417714.563399642


21395657.088467192 3417714.564154666


21395657.088760607 3417714.564817135


21395657.088562965 3417714.565798590


21395657.088034920 3417714.567226833


21395657.087803956 3417714.568060760


21395657.086926866 3417714.569658749


21395657.086983714 3417714.570582272


21395657.087147087 3417714.570987270


21395657.086743850 3417714.572137068


21395657.085240141 3417714.576494934


21395657.083828822 3417714.580519229


21395657.082657862 3417714.584670546


21395657.081245638 3417714.588602443


21395657.080136269 3417714.592531378


21395657.079482105 3417714.595735085


21395657.078179296 3417714.599444131


21395657.077186786 3417714.602281513


21395657.077316470 3417714.602502024


21395657.077776555 3417714.602275749


21395657.077413194 3417714.602611968


21395657.077474784 3417714.602389587


21395657.077615354 3417714.602092509


21395657.077069879 3417714.604999446


21395657.076591235 3417714.608219919


21395657.075963128 3417714.612458338


21395657.074921671 3417714.616811687


21395657.073594384 3417714.621278719


21395657.072565071 3417714.625243836


21395657.071277842 3417714.628915767


21395657.069526732 3417714.632425900


21395657.067535799 3417714.635864448


21395657.065944266 3417714.639391502


21395657.064576611 3417714.642990295


21395657.063542783 3417714.646493416


21395657.062441774 3417714.649646044


21395657.061517537 3417714.652944798


21395657.060135745 3417714.656728543


21395657.058553606 3417714.661216547


21395657.057100609 3417714.665869623


21395657.055251464 3417714.670766830


21395657.054316528 3417714.674601655


21395657.053424895 3417714.677974016


21395657.052671123 3417714.680772101


21395657.051839639 3417714.683774241


21395657.050908905 3417714.686407723


21395657.050579000 3417714.688536328


21395657.049681950 3417714.691354294


21395657.048340395 3417714.694361420


21395657.047123827 3417714.697108584


21395657.045707632 3417714.700633924


21395657.044698458 3417714.703397542


21395657.043680031 3417714.706845068


21395657.042461075 3417714.710978372


21395657.041271284 3417714.714834167


21395657.040130399 3417714.718800375


21395657.039512090 3417714.722410326


21395657.039155725 3417714.725093637


21395657.038637433 3417714.727519789


21395657.038466748 3417714.729628355


21395657.037995376 3417714.731961641


21395657.037234195 3417714.734002053


21395657.036425199 3417714.736042934


21395657.035066620 3417714.738939337


21395657.034581475 3417714.741494535


21395657.035325944 3417714.741006739


21395657.035549458 3417714.741041516


21395657.036110237 3417714.741331742


21395657.036573939 3417714.741475062


21395657.037559848 3417714.741225167


21395657.038398877 3417714.740625555


21395657.039002415 3417714.740397878


21395657.039255645 3417714.740210588


21395657.039658111 3417714.740613248


21395657.040296961 3417714.740736377


21395657.041221108 3417714.740690379


21395657.042904753 3417714.740064033


21395657.044288982 3417714.739791762


21395657.045938581 3417714.738943969


21395657.047615185 3417714.737596910


21395657.049243972 3417714.736250317


21395657.050443467 3417714.735018810


21395657.051628470 3417714.733935298


21395657.052335463 3417714.732874938


21395657.052604813 3417714.732705971


21395657.053134255 3417714.733051947


21395657.053960953 3417714.732822089


21395657.055226196 3417714.731793236


21395657.056745932 3417714.730706452


21395657.057678428 3417714.729884149


21395657.058902532 3417714.729539517


21395657.059509870 3417714.729699915


21395657.059926108 3417714.729880664


21395657.059850741 3417714.730324956


21395657.058626723 3417714.733940827


21395657.057841614 3417714.736794662


21395657.057497215 3417714.739071262


21395657.056847256 3417714.741073623


21395657.056134257 3417714.743150529


21395657.055879176 3417714.744779401


21395657.055741273 3417714.746980056


21395657.055239826 3417714.749498451


21395657.054297846 3417714.752612561


21395657.053753275 3417714.755611900


21395657.053178634 3417714.758796346


21395657.052934926 3417714.761589446


21395657.052289482 3417714.764053803


21395657.051673390 3417714.766259131


21395657.051228479 3417714.768037711


21395657.050240345 3417714.769692228


21395657.048999354 3417714.771570996


21395657.048307940 3417714.772594241


21395657.047891475 3417714.774021392


21395657.047681864 3417714.775409558


21395657.047377881 3417714.776928019


21395657.046937663 3417714.779187073


21395657.046335340 3417714.781170488


21395657.046794113 3417714.782441233


21395657.047138058 3417714.783380431


21395657.047453016 3417714.784615620


21395657.047402442 3417714.785965269


21395657.047460016 3417714.786962711


21395657.046929441 3417714.788132235


21395657.046278037 3417714.789986758


21395657.045800522 3417714.791691730


21395657.045354888 3417714.793396392


21395657.045198511 3417714.795338485


21395657.044922255 3417714.796431597


21395657.045187045 3417714.797427015


21395657.045467768 3417714.798422276


21395657.045244388 3417714.800032357


21395657.044846393 3417714.801718069


21395657.044416696 3417714.803422573


21395657.043575458 3417714.805426806


21395657.042932946 3417714.806560461


21395657.042498916 3417714.807821449


21395657.042380612 3417714.808765167


21395657.042501580 3417714.809725025


21395657.042210285 3417714.810910693


21395657.042222567 3417714.812167321


21395657.041827280 3417714.814130231


21395657.041004870 3417714.816429982


21395657.040670633 3417714.818115074


21395657.040417537 3417714.819947224


21395657.039766677 3417714.821857187


21395657.039081220 3417714.823490265


21395657.037966840 3417714.825275387


21395657.036770593 3417714.826839531


21395657.035796780 3417714.828327574


21395657.035046127 3417714.829813437


21395657.034627315 3417714.831000351


21395657.034414630 3417714.832074360


21395657.033510718 3417714.834190094


21395657.032321155 3417714.836437991


21395657.031100255 3417714.838741638


21395657.029877726 3417714.840878969


21395657.028794687 3417714.842608339


21395657.027950555 3417714.844316894


21395657.026995033 3417714.846045019


21395657.026195109 3417714.847383509


21395657.025603127 3417714.848793896


21395657.024860099 3417714.849429531


21395657.023783971 3417714.850234757


21395657.022967204 3417714.851481003


21395657.022123616 3417714.853244998


21395657.021284726 3417714.855489469


21395657.020680781 3417714.857306566


21395657.019872323 3417714.859402885


21395657.019683894 3417714.861326810


21395657.019634042 3417714.862750380


21395657.019347079 3417714.864379561


21395657.018911786 3417714.865511192


21395657.018350240 3417714.866773427


21395657.018324498 3417714.867402053


21395657.017966919 3417714.868329627


21395657.017259926 3417714.869389985


21395657.016896561 3417714.869726205


21395657.015929479 3417714.870271623


21395657.015550718 3417714.870663438


21395657.015342601 3417714.870573063


21395657.014392357 3417714.871210723


21395657.013878133 3417714.870790674


21395657.012988757 3417714.871132034


21395657.012242846 3417714.871471993


21395657.011890728 3417714.871327582


21395657.011435881 3417714.872089772


21395657.011569720 3417714.872735318


21395657.011310484 3417714.873939154


21395657.010877177 3417714.875274062


21395657.010786597 3417714.875792433


21395657.010251511 3417714.876499961


21395657.009239133 3417714.877304563


21395657.008065376 3417714.877907445


21395657.007223822 3417714.878248339


21395657.006062210 3417714.878462990


21395657.005232077 3417714.878341731


21395657.004976504 3417714.878288785


21395657.004820898 3417714.878678418


21395657.004459161 3417714.879180955


21395657.004128039 3417714.879553823


21395657.002693422 3417714.881194223


21395657.001241058 3417714.882649981


21395656.999552123 3417714.884366792


21395656.997673541 3417714.886251792


21395656.996074472 3417714.887376315


21395656.994427215 3417714.888464346


21395656.992716562 3417714.889589959


21395656.990987983 3417714.890512451


21395656.988960709 3417714.891862938


21395656.987008613 3417714.892750651


21395656.985801168 3417714.893169046


21395656.984726299 3417714.894103630


21395656.983761743 3417714.894907765


21395656.984042201 3417714.892613308


21395656.983484175 3417714.890973902


21395656.982560806 3417714.889467437


21395656.981448680 3417714.888221559


21395656.980434183 3417714.887178024


21395656.979221910 3417714.885471086


21395656.978742320 3417714.883701542


21395656.978532623 3417714.881818472


21395656.978479970 3417714.879693605


21395656.976927273 3417714.880669822


21395656.975356646 3417714.881442918


21395656.973598357 3417714.882587478


21395656.971854743 3417714.883602523


21395656.970809404 3417714.884296559


21395656.970277026 3417714.885281285


21395656.969651543 3417714.886525664


21395656.968027629 3417714.888371211


21395656.966255028 3417714.889682246


21395656.964462508 3417714.890586881


21395656.963288929 3417714.891208243


21395656.962349933 3417714.891365273


21395656.962210808 3417714.891810190


21395656.961358193 3417714.892650194


21395656.959840629 3417714.893958736


21395656.958289552 3417714.895101272


21395656.956295058 3417714.896543846


21395656.955247190 3417714.896979163


21395656.954470117 3417714.897393354


21395656.953618042 3417714.898288797


21395656.952191778 3417714.899152888


21395656.950304706 3417714.900169336


21395656.948348995 3417714.900687452


21395656.946644891 3417714.900851960


21395656.945052009 3417714.900978418


21395656.944035117 3417714.901321025


21395656.942907553 3417714.901757122


21395656.942051321 3417714.902227529


21395656.941303059 3417714.902327249


21395656.939847622 3417714.903468850


21395656.938425694 3417714.904776457


21395656.937345408 3417714.905156647


21395656.936138686 3417714.905648963


21395656.935088653 3417714.905862523


21395656.933834288 3417714.906373784


21395656.932256263 3417714.906389207


21395656.931346793 3417714.906305688


21395656.929694302 3417714.906857804


21395656.928390317 3417714.907184735


21395656.927196100 3417714.907325778


21395656.926080685 3417714.907373643


21395656.924758773 3417714.907497453


21395656.922778230 3417714.908736592


21395656.920627587 3417714.910513361


21395656.918149617 3417714.913051073


21395656.916371547 3417714.915434093


21395656.914905593 3417714.917130244


21395656.913370278 3417714.918254144


21395656.911890414 3417714.918527348


21395656.909739457 3417714.918640778


21395656.908155825 3417714.918083328


21395656.906827595 3417714.917560343


21395656.905704770 3417714.916850536


21395656.904125474 3417714.916736600


21395656.902613733 3417714.917010118


21395656.901024818 3417714.917543130


21395656.900501337 3417714.917806990


21395656.900153734 3417714.918124574


21395656.900172926 3417714.918457054


21395656.899640366 3417714.919423300


21395656.898567662 3417714.920579642


21395656.897195358 3417714.922071581


21395656.896369927 3417714.922430797


21395656.896099851 3417714.922525845


21395656.896316506 3417714.921858392


21395656.896233376 3417714.921508054


21395656.896086667 3417714.921176819


21395656.895509407 3417714.920831311


21395656.894693594 3417714.920543579


21395656.893564403 3417714.920813357


21395656.892247546 3417714.921454601


21395656.891200945 3417714.922019278


21395656.890584715 3417714.922579748


21395656.889223292 3417714.923554096


21395656.888452362 3417714.924596598


21395656.887666576 3417714.925750136


21395656.886414923 3417714.926538595


21395656.885892525 3417714.926913333


21395656.885158397 3417714.926828099


21395656.884391483 3417714.926650779


21395656.883522250 3417714.925790641


21395656.882430945 3417714.925043561


21395656.881533086 3417714.924516371


21395656.881522428 3417714.923426061


21395656.881408323 3417714.923168435


21395656.881580766 3417714.922871044


21395656.881710093 3417714.923054597


21395656.881035522 3417714.924170084


21395656.880329613 3417714.925341322


21395656.879718617 3417714.926437707


21395656.878849342 3417714.927203947


21395656.877955813 3417714.927120273


21395656.876929175 3417714.926464969


21395656.875708364 3417714.925515859


21395656.873967141 3417714.925144765


21395656.872778751 3417714.924250782


21395656.871597774 3417714.924114473


21395656.870568011 3417714.924771391


21395656.868903011 3417714.925674779


21395656.866999820 3417714.926672903


21395656.864837799 3417714.927285444


21395656.864693530 3417714.923941690


21395656.864497654 3417714.920210326


21395656.864326604 3417714.915757939


21395656.863829136 3417714.912158892


21395656.862848006 3417714.909636505


21395656.861449696 3417714.908467352


21395656.859189689 3417714.908840590


21395656.857215330 3417714.909081666


21395656.855348215 3417714.908878135


21395656.853694148 3417714.907637554


21395656.852599818 3417714.904949940


21395656.852829978 3417714.900770855


21395656.853057239 3417714.896296092


21395656.853333950 3417714.891987182


21395656.853738904 3417714.887750942


21395656.854102898 3417714.884217405


21395656.854707796 3417714.880866327


21395656.855440933 3417714.877587923


21395656.855908334 3417714.874848084


21395656.856471196 3417714.872088828


21395656.857142020 3417714.868958885


21395656.858043991 3417714.865013493


21395656.859022226 3417714.860716208


21395656.859806299 3417714.856125116


21395656.860621531 3417714.851459791


21395656.861550141 3417714.846978173


21395656.861851465 3417714.843556138


21395656.862329926 3417714.840317187


21395656.862403531 3417714.838061715


21395656.862559184 3417714.836045702


21395656.862683315 3417714.834066959


21395656.863072459 3417714.831475737


21395656.863996875 3417714.828195464


21395656.865075808 3417714.824414677


21395656.866600513 3417714.820574089


21395656.867791027 3417714.816792214


21395656.869049091 3417714.813397789


21395656.870015547 3417714.809525693


21395656.871054653 3417714.804932109


21395656.872215495 3417714.799745922


21395656.873018764 3417714.795487309


21395656.873418070 3417714.792304576


21395656.873934913 3417714.789730586


21395656.874094900 3417714.788158088


21395656.873846773 3417714.787236434


21395656.873645924 3417714.786258874


21395656.873369936 3417714.784117709


21395656.873625245 3417714.780880938


21395656.874189410 3417714.776624663


21395656.874831293 3417714.772164328


21395656.875108726 3417714.767929338


21395656.875298649 3417714.764526872


21395656.876017109 3417714.761377982


21395656.876754403 3417714.758524614


21395656.877768811 3417714.756296911


21395656.878245782 3417714.754536501


21395656.878209613 3417714.752466917


21395656.878139395 3417714.750175889


21395656.878033333 3417714.747478615


21395656.877841245 3417714.744135328


21395656.877554782 3417714.740922333


21395656.877507776 3417714.737743962


21395656.876781866 3417714.735237563


21395656.874853209 3417714.733630034


21395656.873146441 3417714.731890965


21395656.871220853 3417714.730597593


21395656.870178677 3417714.728353027


21395656.869668473 3417714.726713153


21395656.870502122 3417714.723932770


21395656.871177103 3417714.721227863


21395656.871612445 3417714.718469854


21395656.872301191 3417714.715543033


21395656.872240234 3417714.712568095


21395656.871311080 3417714.710470276


21395656.869385675 3417714.709195385


21395656.867506098 3417714.707716747


21395656.866165761 3417714.705955616


21395656.865157638 3417714.703932496


21395656.864612840 3417714.702015738


21395656.864368916 3417714.699892740


21395656.864171002 3417714.697584477


21395656.863608822 3417714.695520035


21395656.862904992 3417714.693641794


21395656.862846922 3417714.690962533


21395656.862128783 3417714.689250765


21395656.860669419 3417714.688359431


21395656.858956102 3417714.687581469


21395656.857151847 3417714.687284916


21395656.855401009 3417714.687560771


21395656.854137797 3417714.687166521


21395656.853271995 3417714.686657499


21395656.852213655 3417714.686020988


21395656.851490587 3417714.685436645


21395656.850536056 3417714.684004411


21395656.849924795 3417714.681811077


21395656.850195684 3417714.678537191


21395656.850540668 3417714.674689651


21395656.851201914 3417714.670580280


21395656.851723682 3417714.666878866


21395656.851314582 3417714.664166072


21395656.850740436 3417714.662508342


21395656.849743143 3417714.661594012


21395656.848430488 3417714.661033911


21395656.847166017 3417714.660510305


21395656.846373048 3417714.659298270


21395656.845169261 3417714.658459883


21395656.843980514 3417714.657528942


21395656.842978708 3417714.656152614


21395656.842055876 3417714.654701590


21395656.841606539 3417714.652765416


21395656.840664875 3417714.651018869


21395656.839989316 3417714.648770720


21395656.839539796 3417714.646816065


21395656.837809820 3417714.645964340


21395656.836005021 3417714.645612348


21395656.833697017 3417714.645967573


21395656.831640068 3417714.645913750


21395656.829367194 3417714.646601301


21395656.827802759 3417714.646376329


21395656.826612920 3417714.645334510


21395656.825861637 3417714.643493696


21395656.824978855 3417714.641247571


21395656.823985398 3417714.639094936


21395656.824136354 3417714.636598447


21395656.823404439 3417714.635108594


21395656.822610389 3417714.633785681


21395656.822085150 3417714.632238362


21395656.807606481 3417714.625301427


21395656.806552108 3417714.625071472


21395656.806006551 3417714.624707172


21395656.805696651 3417714.623989420


21395656.805507407 3417714.622568187


21395656.804779466 3417714.621484890


21395656.803513002 3417714.620758004


21395656.802250333 3417714.620419195


21395656.800860688 3417714.620137073


21395656.799931671 3417714.619684112


21395656.798511051 3417714.619494700


21395656.796992984 3417714.619121423


21395656.795648448 3417714.618561635


21395656.794258628 3417714.618261031


21395656.793023322 3417714.617459916


21395656.792183083 3417714.616303789


21395656.790804680 3417714.615541035


21395656.788812216 3417714.615560509


21395656.787024077 3417714.615282278


21395656.784734361 3417714.615877586


21395656.782439403 3417714.615936980


21395656.780337170 3417714.616142341


21395656.778088585 3417714.616053428


21395656.776105378 3417714.615388992


21395656.774486799 3417714.614517696


21395656.772997186 3417714.613792991


21395656.772046447 3417714.612748834


21395656.771865152 3417714.612140714


21395656.771065276 3417714.611852826


21395656.769709677 3417714.611792149


21395656.767791852 3417714.611293409


21395656.765981816 3417714.610405501


21395656.764142249 3417714.609758144


21395656.762862373 3417714.609290132


21395656.761647169 3417714.608913896


21395656.760767229 3417714.608589828


21395656.760090899 3417714.607894138


21395656.760141835 3417714.606581448


21395656.759839568 3417714.605013469


21395656.760030348 3417714.603329780


21395656.759046469 3417714.602156576


21395656.757381331 3417714.601415107


21395656.755762935 3417714.600562290


21395656.754120786 3417714.600541376


21395656.753247175 3417714.600864101


21395656.753040493 3417714.600921566


21395656.752943050 3417714.600737703


21395656.752837300 3417714.599703768


21395656.752801310 3417714.597652664


21395656.753634058 3417714.594779883


21395656.755324487 3417714.591584530


21395656.757456526 3417714.587904341


21395656.758918010 3417714.584119817


21395656.758874845 3417714.579703142


21395656.758814156 3417714.573493925


21395656.763286624 3417714.562989643


21395656.766874641 3417714.558223293


21395656.768666621 3417714.557263220


21395656.769531433 3417714.554408604


21395656.780453429 3417714.539960156


21395656.790986780 3417714.523260757


21395656.802111931 3417714.505132489


21395656.812884614 3417714.486822852


21395656.825223755 3417714.467315084


21395656.838029265 3417714.449854214


21395656.834619477 3417714.448390531


21395656.831974208 3417714.448490312


21395656.830011591 3417714.449932575


21395656.828692883 3417714.452015398


21395656.827963043 3417714.454000060


21395656.825422801 3417714.461583851


21395656.822666857 3417714.468301116


21395656.819556627 3417714.474652212


21395656.815267939 3417714.481125716


21395656.810572043 3417714.488342461


21395656.806400761 3417714.493779849


21395656.802325882 3417714.497663842


21395656.797683727 3417714.500592337


21395656.793076515 3417714.503834678


21395656.788787559 3417714.507018464


21395656.784122195 3417714.510834303


21395656.779399388 3417714.515297557


21395656.774042606 3417714.520136639


21395656.769054424 3417714.525175416


21395656.764547318 3417714.530505197


21395656.760103077 3417714.535741954


21395656.755614083 3417714.541293337


21395656.751066934 3417714.547418216


21395656.747070443 3417714.552798451


21395656.743531145 3417714.557656733


21395656.740176264 3417714.561810912


21395656.736831546 3417714.565373583


21395656.733012427 3417714.569329002


21395656.729334235 3417714.573024302


21395656.725118611 3417714.577186896


21395656.720953878 3417714.581663177


21395656.716569234 3417714.586474277


21395656.711871762 3417714.591898326


21395656.707494888 3417714.597504057


21395656.704240158 3417714.602119297


21395656.701427590 3417714.606305140


21395656.697527282 3417714.611739879


21395656.693388965 3417714.617287834


21395656.691000897 3417714.617606880


21395656.689037420 3417714.617330364


21395656.687041529 3417714.616998721


21395656.685263734 3417714.616147462


21395656.682668898 3417714.619776729


21395656.680087481 3417714.623147125


21395656.677397009 3417714.626777327


21395656.674769755 3417714.630351467


21395656.671920072 3417714.634001707


21395656.669086136 3417714.637633312


21395656.668116756 3417714.636312110


21395656.667417802 3417714.634932824


21395656.666502554 3417714.634257952


21395656.665810823 3417714.633617857


21395656.665250048 3417714.633327633


21395656.664770413 3417714.633184468


21395656.664164886 3417714.633208868


21395656.663815111 3417714.633304695


