0 -0.987938 -0.154851 3.3989
-0 -0.999096 -0.0425049 2.6761
-0.0245404 -0.997881 -0.0602654 2.67901
0.0116318 -0.989107 -0.146735 3.32114
-2.01207e-05 -0.998796 -0.049059 2.67566
-0.0107883 -0.995902 -0.0897884 2.94295
0 -0.993535 -0.113526 3.07018
0.0215527 -0.997734 -0.0637297 2.80226
0.0075286 -0.997973 -0.0631916 2.77454
-0.0159805 -0.999213 -0.0362966 2.5671
0 -0.989928 -0.141573 3.31221
-0.00019361 -0.998913 -0.0466102 2.67338
-0.0235041 -0.996165 -0.0842829 2.92113
-0.0481875 -0.995777 -0.07814 2.74468
0.0204994 -0.997384 -0.069322 2.81865
0.0336931 -0.99494 -0.0946502 3.05278
0.00929769 -0.997559 -0.069202 2.80149
-0.0522036 -0.998636 -0.000802958 2.22779
-0.00665356 -0.999737 -0.0219642 2.51074
0.0241798 -0.999682 -0.00711394 2.45389
-0.000686494 -0.996133 -0.0878574 2.93142
-0.0368341 -0.997285 -0.0637645 2.71936
0.0059359 -0.997721 -0.0672162 2.82514
-6.29244e-05 -0.990336 -0.138691 3.31556
-0.0659223 -0.997781 -0.00936217 2.26265
0.0180458 -0.999049 -0.0396983 2.61611
-0.0634474 -0.997633 -0.0265041 2.34965
-9.14991e-05 -0.998848 -0.0479772 2.67569
0.0284521 -0.996518 -0.0783727 2.95537
0 -0.999075 -0.0430002 2.65221
-0.00542228 -0.999906 -0.0125883 2.41989
0.00547545 -0.997824 -0.0657054 2.87089
-0.0384623 -0.998657 -0.0347211 2.4741
-0.0334648 -0.995633 -0.0871498 2.87483
-0.0200651 -0.999428 -0.0272367 2.48025
-0 -0.998789 -0.0492081 2.72294
-0.0537804 -0.99484 -0.0860287 2.84057
-0.0381635 -0.998295 -0.0441697 2.52696
-0 -0.990312 -0.13886 3.31681
0.0186134 -0.999827 -0.000430266 2.38763
0.0292259 -0.996719 -0.0754822 2.90712
0.063363 -0.990544 -0.121688 3.32407
0.0453659 -0.997017 -0.0624431 2.84212
-0.049059 -0.995663 -0.0790517 2.7874
0.0585378 -0.992849 -0.104043 3.12892
-0.0193273 -0.993337 -0.113615 3.05773
-0.0411846 -0.997359 -0.0598226 2.70749
0.0356171 -0.99371 -0.106174 3.15689
0.0441428 -0.993117 -0.108492 3.12156
-0.0266266 -0.995359 -0.092478 2.94046
-0.0451391 -0.994921 -0.0899747 2.87487
-0.00946939 -0.99511 -0.0983188 3.01958
0.0391098 -0.996664 -0.0716308 2.90355
0.00973512 -0.997627 -0.0681541 2.81145
5.62976e-05 -0.998905 -0.0467745 2.67512
0.0135953 -0.999161 -0.0386443 2.63115
0.0143035 -0.994248 -0.106143 3.06867
8.79693e-05 -0.998909 -0.046699 2.67471
0.00353364 -0.999133 -0.04149 2.62565
0.000177009 -0.996199 -0.0871084 2.94864
-0.0391297 -0.99868 -0.0332815 2.45991
-0.00364847 -0.994212 -0.107376 3.08722
-0.0118361 -0.999924 0.00341154 2.27226
0 -0.998958 -0.045644 2.67477
-0.0179689 -0.993079 -0.116066 3.02883
0.0165691 -0.993533 -0.112328 3.12613
-0.0393274 -0.993904 -0.102998 2.92853
-0 -0.994728 -0.102552 3.02984
-0 -0.999037 -0.0438692 2.67756
-0.0502404 -0.990636 -0.126953 3.15486
-0.0316961 -0.990407 -0.134495 3.19274
0.0622766 -0.997991 -0.0116541 2.53826
-0.0190036 -0.995438 -0.0934999 2.9374
0.00363017 -0.996891 -0.0787036 2.8848
5.15643e-05 -0.998374 -0.0570014 2.67693
-0 -0.989885 -0.14187 3.31412
0.00044271 -0.998422 -0.056154 2.67241
-0.0309166 -0.996976 -0.0712891 2.85363
-0.00745132 -0.998464 -0.0548971 2.70319
-0.017477 -0.991074 -0.132164 3.13282
-0.0418549 -0.999062 -0.0110837 2.36231
-0.0116424 -0.999785 -0.0171301 2.43804
-0.0450363 -0.993862 -0.101046 2.89561
-0.0453927 -0.996894 -0.0643581 2.71025
0.0398765 -0.999183 -0.00661812 2.48841
0.0451436 -0.99898 -0.000448862 2.4313
-4.83512e-05 -0.998909 -0.0466906 2.67447
-0.031408 -0.998239 -0.0503146 2.69102
0.00467169 -0.999967 0.00670028 2.29593
-0.0130746 -0.997704 -0.066455 2.71414
-0.0539474 -0.997613 -0.0431138 2.52363
-0 -0.998688 -0.0512121 2.67542
0.0191963 -0.99924 -0.0339382 2.62945
-3.52548e-05 -0.998529 -0.0542132 2.67325
-0.0155494 -0.999268 -0.0349407 2.55543
0.0538275 -0.994854 -0.085835 2.97141
0.0663804 -0.996264 -0.0552448 2.86496
-0.0407412 -0.994808 -0.0932598 2.89043
-0.00322147 -0.995984 -0.0894731 2.92981
-0.0500904 -0.997482 -0.050202 2.55597
0.0475859 -0.998669 0.0198904 2.29323
-0.0273554 -0.997476 -0.0655231 2.73571
-0.0652131 -0.992992 -0.098556 2.91872
-0.0352536 -0.997978 -0.052891 2.65532
-3.52099e-06 -0.999004 -0.044629 2.67543
0.00564866 -0.999583 -0.0283046 2.58392
-0.034984 -0.996947 -0.0698037 2.76454
0.0430695 -0.998969 -0.0143636 2.48548
-0.0314557 -0.997057 -0.0699148 2.76757
-0.00984444 -0.993898 -0.109862 3.03567
-0.034127 -0.999222 -0.0197444 2.42357
0.000164431 -0.998634 -0.0522554 2.67503
0.00137094 -0.992239 -0.12434 3.14669
-0 -0.999097 -0.0424762 2.67571
-0.000127837 -0.991065 -0.13338 3.3174
8.81377e-05 -0.998907 -0.0467513 2.67503
-0.0257039 -0.992605 -0.118634 3.10621
0.0180687 -0.996621 -0.0801248 2.97797
-0.0234854 -0.998054 -0.0577607 2.68352
-0.0651908 -0.997779 -0.0136928 2.34098
-0.0383865 -0.994857 -0.0937325 2.84069
0.000307762 -0.999178 -0.0405394 2.67799
-9.51121e-05 -0.998858 -0.0477735 2.67423
-0.0550711 -0.998067 -0.0287971 2.39655
0.0267343 -0.996743 -0.0760788 2.89859
0 -0.99885 -0.0479464 2.67563
0.0208327 -0.995213 -0.0954815 3.04323
0.070663 -0.996676 -0.0405515 2.75467
-6.66635e-05 -0.999005 -0.0445892 2.67492
-0.0344804 -0.994341 -0.100488 2.91426
0.045394 -0.998611 -0.0267339 2.60865
0.011693 -0.996327 -0.0848238 2.86581
-0.00362846 -0.996605 -0.0822541 2.93038
-7.72554e-05 -0.998693 -0.0511059 2.67449
0.0227385 -0.999595 -0.0171415 2.43938
0.00745258 -0.997139 -0.0752174 2.86614
0.0195795 -0.998459 -0.0519344 2.73198
-0.0305664 -0.996689 -0.0753459 2.82768
-0.0489008 -0.99041 -0.129216 3.16372
-0.0376894 -0.993838 -0.104235 2.97485
0 -0.997248 -0.0741368 2.87174
-0.00244546 -0.997299 -0.0734078 2.82737
-3.76717e-05 -0.999045 -0.0436821 2.67658
-0.019898 -0.992733 -0.118678 3.06773
-0.01199 -0.99935 -0.0340018 2.62385
0.00772705 -0.99836 -0.0567227 2.76226
-0.0383038 -0.993386 -0.108245 3.06412
0.0230726 -0.998895 -0.0409361 2.66105
-0.00671721 -0.999627 -0.0264843 2.5081
-0.0127044 -0.999529 -0.0279511 2.4747
0.00880873 -0.995943 -0.089554 2.97649
-0.0528315 -0.995475 -0.0789824 2.76936
-0.0181996 -0.997779 -0.0640711 2.71879
0.0145105 -0.999263 -0.0355379 2.58433
0.0409251 -0.993801 -0.10337 3.0863
0.00759313 -0.998668 -0.0510329 2.70984
0.000104144 -0.999206 -0.0398485 2.6728
-0.00888657 -0.994842 -0.101043 3.01815
-0.0167427 -0.999725 0.0164011 2.20171
0.0132181 -0.996911 -0.0774162 2.86786
0.0552124 -0.99829 -0.019222 2.54463
0.0119517 -0.995028 -0.0988742 3.04622
0 -0.990948 -0.134244 3.31604
0.0266849 -0.99507 -0.0955223 3.00634
-0.0111737 -0.998963 -0.0441289 2.64472
-0.000321487 -0.998749 -0.050005 2.67447
-0.0278989 -0.992171 -0.121731 3.12959
0.0297445 -0.999337 -0.0209736 2.57988
-0.0163954 -0.998871 -0.0445841 2.61626
-0.0102083 -0.993706 -0.111556 3.02926
0.0257833 -0.997786 -0.0612998 2.87397
0.00425485 -0.999485 -0.0317945 2.57421
0.00568943 -0.998697 -0.0507062 2.75714
0.000191369 -0.9989 -0.0468927 2.67634
-0.0299973 -0.995581 -0.0889876 2.87581
-4.02457e-05 -0.998862 -0.0476943 2.67364
0.0720626 -0.996289 -0.0470654 2.89372
-0.0315355 -0.996991 -0.0708171 2.73945
-0.0221847 -0.994964 -0.0977448 2.93916
-0.0228384 -0.993796 -0.108846 2.99259
0.0410835 -0.996396 -0.0742081 2.93793
0.0497529 -0.998525 -0.0217428 2.6282
-0.0381879 -0.992678 -0.114599 3.05645
5.22263e-05 -0.999142 -0.0414066 2.67597
0.0118738 -0.998956 -0.0441174 2.61207
-0.0156546 -0.997546 -0.068247 2.76349
-0.0371436 -0.992448 -0.116906 3.11957
-0.000155837 -0.998742 -0.0501473 2.67515
0 -0.995176 -0.0981075 3.01339
0.000101036 -0.999134 -0.0416017 2.67749
-1.71813e-06 -0.999087 -0.0427314 2.67738
-0.0128159 -0.999548 -0.0271762 2.53389
2.6423e-05 -0.999182 -0.0404511 2.67714
-0.065394 -0.995951 -0.0616929 2.6178
0.014457 -0.991241 -0.13127 3.23195
0.0124928 -0.996213 -0.0860394 2.87699
0.0625659 -0.998004 0.0085561 2.41132
-0.0552913 -0.989359 -0.134581 3.20093
-0.0151598 -0.999788 0.013947 2.27691
0.0399164 -0.994576 -0.0960471 3.07308
-0.0858292 -0.9815 -0.171144 3.34005
-0.0229692 -0.994179 -0.105269 2.98769
0.00629122 -0.999488 -0.0313748 2.53777
-0.00171798 -0.996885 -0.0788482 2.87209
0.00947218 -0.996878 -0.078391 2.93616
-0 -0.999928 0.0119629 2.27556
-0 -0.998518 -0.0544288 2.67479
0.0264711 -0.999418 -0.0215126 2.56713
0.0536007 -0.992194 -0.112597 3.23432
-0.0501066 -0.995132 -0.0848637 2.80519
-7.74997e-06 -0.998752 -0.0499424 2.67428
-0.00387622 -0.997835 -0.0656568 2.77272
-0.0480045 -0.997763 -0.046522 2.5504
0.000202559 -0.999068 -0.0431685 2.67351
0.0314684 -0.996042 -0.0831238 2.99407
-0.0387362 -0.994317 -0.0991671 2.92368
-0.0134882 -0.988075 -0.15338 3.32261
-0.000530968 -0.998549 -0.0538566 2.66958
-4.72616e-05 -0.989594 -0.143887 3.31263
0 -0.998743 -0.0501158 2.67555
0.0406821 -0.997236 -0.062166 2.91805
0.00980442 -0.999945 -0.00366513 2.39558
-4.89002e-05 -0.998692 -0.0511342 2.67477
9.66539e-05 -0.998952 -0.0457742 2.6759
-0.0316085 -0.997096 -0.0692914 2.8013
0.0359981 -0.996878 -0.0702793 2.85124
-0.00832011 -0.992344 -0.123227 3.10717
0.0175478 -0.996882 -0.0769362 2.90743
