-0.00985372 -0.101367 0.9948 -0.239035 1.10384 11.0065
-0.0337787 -0.101508 0.994261 -0.252036 1.1011 11.0324
-0.0901112 -0.101611 0.990735 -0.446964 1.06487 11.3726
-0.0212963 -0.101442 0.994613 -0.233892 1.08882 11.1545
-0.0863102 -0.101614 0.991073 -0.342846 1.09353 11.0995
-0.0348653 -0.101513 0.994223 -0.301758 1.09661 11.0726
-0.0780746 -0.101616 0.991755 -0.29824 1.06876 11.3464
-0.102051 -0.10159 0.989578 -0.368767 1.12357 10.8023
-0.0873931 -0.101613 0.990978 -0.383212 1.09253 11.106
-0.131825 -0.101477 0.986065 -0.392301 1.09035 11.1267
-0.0339875 -0.101509 0.994254 -0.149525 1.07434 11.3035
-0.00283521 -0.101315 0.99485 -0.0532732 1.07482 11.3066
-0.0568146 -0.101589 0.993203 -0.138382 1.12366 10.82
-0.0975852 -0.1016 0.990028 -0.231701 1.09886 11.0561
-0.123606 -0.101517 0.987125 -0.423878 1.07802 11.2453
-0.133012 -0.101471 0.985906 -0.37734 1.08424 11.188
-0.0297008 -0.101488 0.994393 -0.0375122 1.16831 10.3896
-0.160824 -0.101278 0.981773 -0.466485 1.10441 10.9827
0.0403739 -0.100882 0.994079 0.0742282 1.14191 10.6579
-0.159003 -0.101292 0.982068 -0.627371 1.0333 11.6681
-0.153723 -0.101335 0.982904 -0.658092 1.01824 11.8136
-0.00280348 -0.101314 0.994851 -0.0377044 1.13344 10.732
-0.157875 -0.101302 0.982249 -0.531625 1.06893 11.3259
-0.140516 -0.101427 0.984869 -0.5478 1.01173 11.8864
-0.165476 -0.101237 0.981004 -0.686536 1.00537 11.9377
-0.0960609 -0.101602 0.990176 -0.293423 1.0578 11.4544
-0.0888247 -0.101612 0.990851 -0.318809 1.06944 11.338
-0.178501 -0.101113 0.978731 -0.679361 1.05145 11.4857
-0.126915 -0.101502 0.986707 -0.291398 1.07608 11.275
-0.186447 -0.101028 0.977257 -0.63934 1.03935 11.6077
-0.193143 -0.100951 0.975963 -0.796553 0.998236 11.9989
-0.156433 -0.101313 0.982479 -0.653037 0.982301 12.167
-0.173159 -0.101166 0.979684 -0.624861 1.02327 11.7668
-0.169153 -0.101204 0.98038 -0.668359 1.0001 11.9909
-0.176214 -0.101136 0.979143 -0.763018 0.987223 12.1098
-0.177206 -0.101126 0.978965 -0.866989 0.94389 12.527
-0.167997 -0.101214 0.980578 -0.754328 0.973964 12.2407
-0.191401 -0.100971 0.976304 -0.905852 1.00759 11.8982
-0.200598 -0.100859 0.974468 -0.941783 1.00108 11.9593
-0.192448 -0.100959 0.9761 -1.09145 0.940923 12.5381
-0.193007 -0.100952 0.97599 -0.968241 0.961903 12.3419
-0.165238 -0.10124 0.981044 -0.796169 0.993253 12.0479
-0.144792 -0.101399 0.984253 -0.669971 1.02173 11.7783
-0.177455 -0.101123 0.97892 -1.08604 0.940961 12.5382
-0.113994 -0.101556 0.988277 -0.627585 0.986384 12.1289
-0.153228 -0.101338 0.982981 -0.870683 0.956365 12.4042
-0.16603 -0.101232 0.980911 -0.995128 0.941365 12.5415
-0.146716 -0.101385 0.983969 -0.901656 0.984611 12.1243
-0.14749 -0.10138 0.983854 -0.953861 0.994044 12.0274
-0.16776 -0.101217 0.980618 -1.09345 0.963787 12.3134
-0.133233 -0.101469 0.985877 -0.882995 0.97763 12.1943
-0.112542 -0.101561 0.988443 -0.840432 0.986125 12.1143
-0.1399 -0.10143 0.984957 -0.966231 0.942785 12.5299
-0.138383 -0.10144 0.98517 -0.931173 1.00547 11.917
-0.118049 -0.101541 0.987803 -0.851832 0.99784 11.9984
-0.13661 -0.10145 0.985416 -1.05481 0.967244 12.2825
-0.13741 -0.101446 0.985306 -1.11419 0.954738 12.4006
-0.138579 -0.101438 0.985143 -1.07682 0.948245 12.4673
-0.13521 -0.101458 0.985609 -1.00911 0.979507 12.1658
-0.152612 -0.101343 0.983076 -1.04093 0.989805 12.0621
-0.150898 -0.101356 0.98334 -1.04947 0.95495 12.4037
-0.142568 -0.101413 0.984576 -0.995437 0.967837 12.2815
-0.140407 -0.101427 0.984885 -0.792278 1.02511 11.7353
-0.148671 -0.101372 0.983677 -0.933661 0.940343 12.5565
-0.148354 -0.101374 0.983725 -0.936251 0.958848 12.3745
-0.15664 -0.101312 0.982446 -0.794262 0.997965 12.0018
-0.171778 -0.101179 0.979926 -1.1507 0.932631 12.6148
-0.17062 -0.10119 0.980127 -1.04231 0.983738 12.1215
-0.16267 -0.101262 0.981471 -0.942182 0.953357 12.428
-0.16401 -0.10125 0.981249 -1.03615 0.956415 12.3904
-0.15455 -0.101328 0.982775 -0.931452 1.00478 11.9238
-0.168057 -0.101214 0.980567 -1.06311 0.933241 12.6158
-0.170367 -0.101192 0.980171 -1.00803 0.991824 12.0449
-0.157746 -0.101303 0.98227 -1.04383 0.928959 12.6594
-0.178752 -0.10111 0.978685 -1.08385 0.966918 12.2834
-0.1741 -0.101157 0.979519 -1.13276 0.934004 12.6027
-0.170615 -0.10119 0.980128 -1.17303 0.931775 12.6214
-0.172931 -0.101168 0.979724 -1.16603 0.96531 12.2926
-0.154128 -0.101331 0.982841 -1.31 0.928509 12.6424
-0.161745 -0.10127 0.981623 -1.2907 0.961843 12.3166
-0.15389 -0.101333 0.982878 -1.31192 0.923681 12.6897
-0.157332 -0.101306 0.982336 -1.32443 0.934816 12.5793
-0.175666 -0.101141 0.97924 -1.40944 0.969228 12.2345
-0.169773 -0.101198 0.980273 -1.31513 0.948847 12.4423
-0.182837 -0.101067 0.977935 -1.19416 0.972401 12.2207
-0.162066 -0.101267 0.98157 -1.08462 0.972504 12.2285
-0.171199 -0.101185 0.980027 -1.07221 0.985958 12.0973
-0.167549 -0.101219 0.980654 -1.11095 0.991731 12.0375
-0.169365 -0.101202 0.980344 -1.22439 0.939918 12.5373
-0.178018 -0.101117 0.978818 -1.11983 0.994445 12.0101
-0.17459 -0.101152 0.979432 -1.21989 0.925052 12.6836
-0.172904 -0.101168 0.979729 -0.966811 0.986225 12.1032
-0.189547 -0.100992 0.976664 -1.11224 0.98228 12.1302
-0.150381 -0.101359 0.983418 -0.803957 0.988912 12.0899
-0.169047 -0.101205 0.980398 -1.01789 0.991695 12.0453
-0.129963 -0.101487 0.986311 -0.767957 1.04279 11.5636
-0.156573 -0.101312 0.982456 -0.879686 1.01376 11.8398
-0.140499 -0.101427 0.984872 -0.809462 1.03526 11.6342
-0.136255 -0.101452 0.985465 -0.853742 1.04368 11.548
-0.128189 -0.101496 0.986543 -0.755674 1.06607 11.336
-0.131751 -0.101477 0.986075 -0.793174 1.04785 11.5119
-0.121784 -0.101526 0.987351 -0.776157 1.06772 11.3181
-0.110915 -0.101566 0.988626 -0.41706 1.09242 11.1044
-0.164778 -0.101244 0.981121 -0.601531 1.07596 11.2513
-0.181632 -0.10108 0.978158 -0.830268 1.03823 11.6034
-0.181165 -0.101085 0.978244 -0.637752 1.06865 11.3201
-0.0453448 -0.101555 0.993796 -0.178925 1.14039 10.6524
-0.169964 -0.101196 0.980241 -0.627315 1.06796 11.3277
-0.104257 -0.101585 0.989349 -0.291748 1.10165 11.0238
-0.140243 -0.101428 0.984908 -0.49292 1.09052 11.117
-0.134415 -0.101463 0.985717 -0.480119 1.08061 11.2153
-0.13386 -0.101465 0.985792 -0.496579 1.08922 11.1294
-0.0765713 -0.101615 0.991873 -0.285244 1.12153 10.8291
-0.0549427 -0.101584 0.993309 -0.377553 1.0568 11.4574
-0.0106902 -0.101373 0.994791 -0.210423 1.03554 11.6797
-0.115683 -0.10155 0.988082 -0.635128 1.0902 11.1086
-0.0935016 -0.101606 0.990421 -0.614369 1.00361 11.9608
-0.105961 -0.101581 0.989168 -0.662562 1.04783 11.5226
-0.110969 -0.101566 0.98862 -0.805448 0.966739 12.3076
-0.102399 -0.10159 0.989542 -0.649977 1.06465 11.3584
-0.112344 -0.101562 0.988465 -0.673069 1.09382 11.07
-0.110488 -0.101568 0.988674 -0.697294 1.05569 11.4426
-0.120273 -0.101532 0.987535 -0.804917 1.02021 11.7825
-0.117153 -0.101545 0.987909 -0.720613 1.05489 11.4486
-0.13714 -0.101447 0.985343 -0.759084 1.07597 11.2385
-0.104042 -0.101586 0.989371 -0.731976 0.949922 12.4786
-0.0741726 -0.101615 0.992055 -0.514831 1.02436 11.765
-0.058157 -0.101592 0.993125 -0.391589 1.03487 11.6717
-0.0215825 -0.101443 0.994607 -0.281511 1.06168 11.4172
-0.0908269 -0.10161 0.990669 -0.372258 1.04576 11.5663
-0.0882786 -0.101612 0.9909 -0.404629 1.0639 11.3855
-0.0159605 -0.101408 0.994717 -0.282477 1.06499 11.3846
-0.0206652 -0.101438 0.994627 -0.298815 1.07339 11.3009
-0.0115887 -0.101379 0.99478 -0.216756 1.04278 11.6081
-0.0180942 -0.101422 0.994679 -0.274601 1.07896 11.2481
-0.12806 -0.101496 0.986559 -0.556878 1.02356 11.7695
-0.123299 -0.101519 0.987163 -0.554067 1.0387 11.621
-0.132803 -0.101472 0.985934 -0.581317 1.02648 11.7388
-0.0350266 -0.101514 0.994217 -0.311865 1.07977 11.2371
-0.115604 -0.10155 0.988091 -0.545818 1.02321 11.7738
-0.124648 -0.101513 0.986994 -0.481215 1.01117 11.8972
-0.117144 -0.101544 0.98791 -0.391874 1.00598 11.9554
-0.0674877 -0.101608 0.992533 -0.157493 1.06915 11.3539
-0.126572 -0.101504 0.986751 -0.350855 1.00613 11.9573
-0.109858 -0.10157 0.988744 -0.348054 1.00912 11.9281
-0.14351 -0.101407 0.98444 -0.547248 1.0085 11.9182
-0.119713 -0.101535 0.987603 -0.450701 1.01156 11.8959
-0.0172353 -0.101416 0.994695 -0.138815 1.10997 10.9544
-0.171252 -0.101184 0.980018 -0.687096 0.967652 12.3081
-0.155089 -0.101324 0.982691 -0.558078 0.969803 12.2974
-0.153761 -0.101334 0.982898 -0.600448 0.966324 12.3281
-0.134154 -0.101464 0.985752 -0.497166 0.973776 12.2632
-0.180076 -0.101096 0.978444 -0.623654 1.00496 11.9468
-0.161296 -0.101274 0.981696 -0.713267 0.989622 12.0902
-0.14039 -0.101427 0.984887 -0.687406 0.99533 12.0362
-0.10767 -0.101576 0.988984 -0.554884 1.01961 11.8084
-0.137941 -0.101442 0.985232 -0.757131 0.982779 12.1539
-0.133412 -0.101469 0.985853 -0.700512 1.01811 11.8114
-0.123033 -0.10152 0.987196 -0.721505 1.0126 11.8638
-0.159975 -0.101285 0.981911 -0.810229 1.01483 11.8348
-0.163794 -0.101252 0.981285 -0.822139 1.02075 11.7758
-0.0816105 -0.101616 0.991471 -0.477758 1.05148 11.5016
-0.1176 -0.101543 0.987856 -0.655538 1.02706 11.7272
-0.113515 -0.101558 0.988332 -0.613856 1.05931 11.4137
-0.0733152 -0.101614 0.992119 -0.517904 1.06185 11.3965
-0.0803433 -0.101616 0.991574 -0.493528 1.08239 11.1968
-0.0934602 -0.101607 0.990425 -0.593108 1.05417 11.4659
-0.0963371 -0.101602 0.99015 -0.61125 1.04813 11.5238
-0.107301 -0.101577 0.989024 -0.735779 1.04811 11.514
-0.0744989 -0.101615 0.99203 -0.589577 1.06823 11.3281
-0.131966 -0.101476 0.986046 -0.841375 1.04856 11.5011
-0.0823707 -0.101616 0.991408 -0.601271 1.08142 11.1976
-0.0680186 -0.101609 0.992496 -0.498983 1.08202 11.1999
-0.158098 -0.1013 0.982214 -0.579704 1.06244 11.3858
-0.146625 -0.101387 0.983983 -0.379512 1.07835 11.2456
-0.0686299 -0.10161 0.992454 -0.224798 1.1216 10.8333
-0.0841639 -0.101615 0.991257 -0.234657 1.1131 10.916
-0.125556 -0.101509 0.98688 -0.303334 1.10371 11.0027
-0.163752 -0.101253 0.981292 -0.465836 1.08539 11.1695
-0.0510925 -0.101574 0.993515 -0.0717831 1.14428 10.6229
-0.133559 -0.101468 0.985833 -0.354578 1.10405 10.9952
-0.0393971 -0.101533 0.994052 -0.0847512 1.13223 10.7401
-0.0460375 -0.101558 0.993764 -0.093712 1.1265 10.7957
-0.130478 -0.101484 0.986244 -0.314837 1.0999 11.0392
-0.0330206 -0.101505 0.994287 -0.0583032 1.13673 10.6981
-0.134023 -0.101465 0.98577 -0.350541 1.08401 11.1923
-0.0514018 -0.101575 0.993499 -0.177235 1.11338 10.9178
-0.15199 -0.101348 0.983172 -0.497088 1.05173 11.4977
-0.150533 -0.101359 0.983395 -0.499104 1.05186 11.4962
-0.134789 -0.101461 0.985666 -0.427765 1.07913 11.234
-0.129424 -0.101489 0.986382 -0.424498 1.06378 11.385
-0.137251 -0.101446 0.985328 -0.487999 1.0766 11.2541
-0.149304 -0.101367 0.983582 -0.588369 1.06277 11.3818
-0.157548 -0.101304 0.982301 -0.561172 1.06452 11.3668
-0.145182 -0.101396 0.984196 -0.562664 1.07113 11.3018
-0.14577 -0.101392 0.984109 -0.56605 1.06197 11.3915
-0.129573 -0.101489 0.986362 -0.536354 1.09629 11.0567
-0.121057 -0.101529 0.98744 -0.679774 1.04768 11.5227
-0.127424 -0.101499 0.986641 -0.61058 1.05066 11.499
-0.0623631 -0.101601 0.992869 -0.342802 1.07511 11.2804
-0.0445652 -0.101553 0.993831 -0.327358 1.08512 11.1833
-0.153581 -0.101336 0.982926 -0.598605 1.05923 11.4158
-0.121488 -0.101527 0.987387 -0.440089 1.09166 11.11
-0.168486 -0.101211 0.980494 -0.668576 1.10493 10.9613
-0.145678 -0.101393 0.984123 -0.55598 1.09992 11.0195
-0.168053 -0.101214 0.980568 -0.662945 1.06951 11.3097
-0.0119222 -0.101381 0.994776 -0.238977 1.11032 10.9429
-0.00189733 -0.101307 0.994853 -0.240934 1.07681 11.2719
-0.00126071 -0.101302 0.994855 -0.172942 1.09618 11.0871
-0.00906933 -0.101361 0.994808 -0.194541 1.03058 11.7297
-0.00815384 -0.101355 0.994817 -0.17844 1.12433 10.8102
-0.127487 -0.101499 0.986633 -0.504333 1.10723 10.9519
-0.00330113 -0.101318 0.994849 -0.185508 1.08969 11.1498
-0.173305 -0.101165 0.979659 -0.732172 1.11643 10.8433
-0.0103784 -0.101371 0.994795 -0.164233 1.1069 10.9825
-0.0544139 -0.101583 0.993338 -0.276681 1.1094 10.9489
-0.0192921 -0.10143 0.994656 -0.182142 1.11533 10.8983
-0.0228412 -0.101451 0.994578 -0.122312 1.08395 11.2114
0.022381 -0.101085 0.994626 0.0177433 1.05367 11.5199
0.0169713 -0.10114 0.994727 -0.0416066 1.09092 11.1494
0.0295051 -0.101009 0.994448 -0.0424911 1.0511 11.5404
-0.00356314 -0.10132 0.994847 -0.0486146 1.06106 11.442
-0.0321555 -0.1015 0.994316 -0.241457 1.03981 11.6352
-0.114024 -0.101556 0.988274 -0.434777 1.09239 11.1032
-0.135086 -0.101459 0.985626 -0.365555 1.09474 11.0858
-0.061952 -0.1016 0.992894 -0.212105 1.05116 11.5262
-0.085469 -0.101614 0.991146 -0.406685 1.01944 11.822
-0.0618544 -0.101599 0.992901 -0.251239 1.0278 11.7524
-0.0776128 -0.101616 0.991791 -0.345023 1.02072 11.8144
-0.0942853 -0.101605 0.990347 -0.461811 1.01572 11.8541
-0.0937006 -0.101606 0.990402 -0.437504 1.0449 11.5695
-0.0829236 -0.101616 0.991362 -0.407158 1.03219 11.6967
-0.109219 -0.101572 0.988815 -0.412703 1.05168 11.5049
-0.0982558 -0.101598 0.989961 -0.411347 1.05439 11.4784
-0.112606 -0.101561 0.988436 -0.369523 1.07941 11.236
0.00216819 -0.101274 0.994856 -0.0708786 1.11486 10.9119
-0.0802317 -0.101616 0.991583 -0.339013 1.05438 11.4843
-0.122782 -0.101522 0.987227 -0.539632 1.02683 11.7388
-0.127427 -0.1015 0.986641 -0.572358 1.00459 11.9545
-0.121536 -0.101527 0.987381 -0.485059 1.04107 11.6032
-0.167061 -0.101223 0.980737 -0.99569 1.00408 11.9255
-0.173986 -0.101158 0.979539 -0.948184 0.990189 12.0657
-0.173424 -0.101164 0.979638 -0.887091 1.00649 11.9106
-0.176395 -0.101134 0.97911 -1.0379 1.00628 11.9005
-0.136114 -0.101453 0.985485 -0.886838 1.03827 11.5984
-0.166754 -0.101226 0.980789 -1.09847 1.02697 11.6924
