-0.0126584 -0.992207 -0.123952 2.27644
0.0157278 -0.990635 -0.135624 2.40765
-0.111603 -0.987101 -0.11479 2.07651
0.019402 -0.992313 -0.12222 2.29258
-0.0357044 -0.990844 -0.130209 2.28825
0.0141206 -0.991949 -0.125848 2.30608
-0.00268575 -0.990254 -0.139245 2.3383
-0.00277759 -0.9917 -0.128547 2.26955
-0.0521896 -0.993075 -0.105256 2.07681
-0.0199886 -0.993975 -0.107764 2.14421
-0.0509913 -0.987872 -0.14666 2.31617
-0.0661482 -0.989836 -0.125897 2.26249
-0.0481801 -0.989969 -0.132812 2.34806
-0.0712156 -0.986013 -0.150684 2.37363
-0.11459 -0.9779 -0.174874 2.4599
-0.0642995 -0.988451 -0.13722 2.32562
0.0085294 -0.99016 -0.139677 2.42912
0.0194801 -0.992909 -0.117268 2.27042
-0.0174361 -0.993024 -0.116618 2.213
0.00923202 -0.99386 -0.110255 2.25447
0.0253432 -0.99256 -0.119088 2.3567
0.0163273 -0.99414 -0.106856 2.22222
0 -0.994405 -0.105635 2.23279
-0.00631001 -0.994731 -0.102324 2.19523
0.0109876 -0.994498 -0.104181 2.23103
0.0268587 -0.995596 -0.0898218 2.1736
0.0092254 -0.993632 -0.1123 2.2559
0.0119885 -0.995109 -0.098056 2.15804
0.0213444 -0.991575 -0.127764 2.31548
-0.0517221 -0.996388 -0.0673418 1.89166
-0.0621597 -0.995979 -0.0645198 1.90832
-0.0669601 -0.995768 -0.0629525 1.91088
-0.071587 -0.996245 -0.0487 1.85056
-0.073472 -0.995874 -0.0532577 1.86333
-0.0991098 -0.99094 -0.0906338 2.05276
-0.0776881 -0.98896 -0.126182 2.33834
-0.0516842 -0.991959 -0.115526 2.27581
-0.00898428 -0.997272 -0.07326 2.04494
-0.0635001 -0.996475 -0.0548198 1.94764
0.116539 -0.987962 -0.101731 2.31939
0.0506703 -0.994148 -0.0954018 2.24799
0.0780179 -0.992204 -0.097185 2.27422
0.0580601 -0.990751 -0.122643 2.35571
0.082423 -0.992852 -0.0863255 2.19099
0.0795359 -0.993871 -0.0767737 2.13155
-0.00382528 -0.987242 -0.159178 2.53206
-0.00258495 -0.996902 -0.0786153 2.05558
-0.086234 -0.986565 -0.138756 2.35585
-0.107425 -0.992171 -0.0636873 1.85182
0.131658 -0.990253 -0.0454465 2.05492
-0.0358758 -0.987614 -0.152745 2.466
0.0530416 -0.99432 -0.0922709 2.27412
0.0092081 -0.996659 -0.0811542 2.15538
0.0134943 -0.998042 -0.0610764 2.0175
-0.0513353 -0.997343 -0.0516867 1.92077
0.0857211 -0.993411 -0.0760697 2.17478
0.180699 -0.982783 -0.0385487 2.08352
0.108417 -0.992958 -0.0477542 2.04981
-0.00660076 -0.996042 -0.0886431 2.15703
-0.00413859 -0.994273 -0.106789 2.25699
0.0134877 -0.990712 -0.135309 2.44362
0.0199517 -0.995736 -0.0900675 2.2464
-0.00176747 -0.993208 -0.116343 2.3288
-0.0297981 -0.988994 -0.144924 2.48282
-0.0304855 -0.988937 -0.145171 2.50593
0.0526825 -0.991287 -0.120728 2.45465
-0.0448407 -0.995923 -0.0782773 2.11834
0.0393395 -0.992154 -0.118674 2.37383
-0.0281481 -0.993015 -0.114585 2.33184
-0.112682 -0.992123 -0.0547245 1.80096
0.0356839 -0.994353 -0.0999392 2.27788
-0.0110578 -0.996575 -0.081954 2.20206
0.00857877 -0.995424 -0.0951704 2.21683
0.0168038 -0.995059 -0.0978566 2.28291
0 0 -0 -0
-0 -0.99564 -0.0932753 2.21057
0.0214734 -0.99583 -0.088668 2.21524
-0.0277059 -0.994821 -0.097798 2.27662
-0.0668043 -0.995656 -0.0648604 2.06713
-0.0536977 -0.996577 -0.0628501 2.07079
-0.0968276 -0.992467 -0.0750647 2.09282
0.0029354 -0.998317 -0.0579147 2.06096
0.0166023 -0.998398 -0.0540894 2.06626
-0.043695 -0.996854 -0.0661313 2.10486
0.00210945 -0.998308 -0.0581127 2.06215
0.000406547 -0.998289 -0.0584665 2.09218
-0.0513247 -0.996932 -0.059091 2.07221
-0.0143587 -0.99858 -0.051303 2.08442
-0.0391483 -0.997247 -0.0629804 2.14364
-0.10766 -0.991481 -0.0733124 2.13409
-0.117982 -0.988003 -0.0996524 2.23992
-0.12104 -0.987864 -0.0973372 2.22896
-0.127365 -0.987676 -0.0909682 2.15975
-0.149822 -0.979647 -0.133584 2.35893
-0.0506629 -0.994214 -0.0947238 2.27911
-0.176259 -0.974823 -0.136575 2.30958
-0.0906578 -0.991359 -0.0948111 2.18172
-0.137208 -0.984388 -0.110248 2.14662
-0.06148 -0.988692 -0.136781 2.38411
-0.129695 -0.982826 -0.131273 2.24733
-0.000915754 -0.994428 -0.105411 2.26206
-0.102287 -0.980596 -0.167238 2.48819
-0.078673 -0.986472 -0.143818 2.40509
-0.0808801 -0.985866 -0.14672 2.44943
0.0151799 -0.998576 -0.0511478 2.03377
-0.106751 -0.989017 -0.102225 2.10686
-0.173138 -0.977539 -0.120168 2.1055
-0.0897706 -0.987466 -0.129819 2.29922
-0.132517 -0.98603 -0.100918 2.09873
-0.121781 -0.985997 -0.113928 2.09182
-0.12247 -0.98684 -0.105585 2.05601
-0.101395 -0.992118 -0.0736317 1.90116
-0.13312 -0.986611 -0.0942198 1.97802
-0.0338234 -0.998063 -0.0522085 1.96548
-0.236358 -0.968964 -0.0724182 1.88582
-0.0703468 -0.994466 -0.0780356 2.16037
-0.0765917 -0.993665 -0.0822426 2.17176
-0.0513579 -0.995963 -0.0736235 2.15734
-0.0957117 -0.990193 -0.101771 2.23264
-0.046253 -0.995166 -0.0866273 2.19292
-0.0477739 -0.993601 -0.102348 2.38962
-0.0473696 -0.994011 -0.0984829 2.27706
-0.0718657 -0.993799 -0.0848419 2.17175
-0.00104662 -0.997003 -0.0773599 2.21633
-0.0883381 -0.992935 -0.0792282 2.15684
0.00116334 -0.995718 -0.0924408 2.30661
-0.0267396 -0.99297 -0.115309 2.37265
0.0351899 -0.99316 -0.111336 2.41878
0.0352878 -0.99476 -0.0959542 2.25059
-0.0294843 -0.994034 -0.105014 2.18319
-0.0179484 -0.993357 -0.113661 2.28856
-0.0302318 -0.993426 -0.11041 2.27221
-0.0337107 -0.9906 -0.132574 2.42999
-0.0491707 -0.992956 -0.107801 2.26427
-0.0167001 -0.991761 -0.127008 2.37914
-0.00615045 -0.992223 -0.124319 2.38959
0.0387614 -0.993786 -0.104342 2.25505
-0.0588543 -0.990501 -0.124271 2.3326
0.0509567 -0.993304 -0.103689 2.31716
0.0254939 -0.990944 -0.131834 2.45094
0.0326466 -0.990111 -0.136435 2.53995
-0.012371 -0.98901 -0.147332 2.5493
0.0155824 -0.99458 -0.102797 2.34401
0.0249209 -0.992413 -0.120398 2.44082
0.00163381 -0.990525 -0.137319 2.46753
-0.0173863 -0.994296 -0.105226 2.31745
0.019858 -0.992001 -0.12466 2.45372
-0.0157872 -0.994485 -0.103688 2.31541
0.0189434 -0.992202 -0.123192 2.45775
-0.0269773 -0.989119 -0.144626 2.47072
0.0205546 -0.995566 -0.0917894 2.30254
0.029881 -0.989126 -0.144004 2.60659
-0.00539282 -0.98702 -0.160508 2.60492
-0.0026963 -0.990184 -0.139747 2.50587
-0.0190365 -0.988842 -0.147747 2.54549
-0.0189117 -0.992767 -0.118561 2.44925
-0.0196052 -0.99098 -0.132564 2.49394
-0.058695 -0.996672 -0.0565716 1.96005
-0.0217608 -0.994832 -0.0991738 2.25405
-0.00796919 -0.992731 -0.120091 2.42137
-0.00862609 -0.998615 -0.051897 1.97685
-0.0415182 -0.993866 -0.102498 2.20988
-0.0412676 -0.996736 -0.0693807 2.03477
-0.048127 -0.991169 -0.123564 2.34814
-0.0550459 -0.994251 -0.0918465 2.15755
0 0 0 -0
-0.0315102 -0.996125 -0.0821127 2.17241
-0.117809 -0.9829 -0.141524 2.339
-0.0402776 -0.997292 -0.0615394 1.9506
0 0 0 -0
0.0158412 -0.998909 -0.0439245 2.04313
-0.094231 -0.980238 -0.173939 2.53534
-0.0519157 -0.994365 -0.0924236 2.21072
-0.0926726 -0.993565 -0.0651163 1.93734
-0.0644352 -0.990546 -0.121108 2.27603
-0.0640089 -0.993146 -0.0977924 2.16459
-0.0484375 -0.993267 -0.105234 2.25194
-0.00457392 -0.989974 -0.141174 2.49194
-0.00981775 -0.991505 -0.129695 2.40578
-0.00946291 -0.995017 -0.0992555 2.27021
-0.00570456 -0.993419 -0.114398 2.34671
-0.00121727 -0.995232 -0.0975292 2.25631
0.0510426 -0.991407 -0.120448 2.40306
0.0534728 -0.994286 -0.0923915 2.28263
-0.00881198 -0.995417 -0.0952197 2.2141
-0.0922176 -0.992321 -0.0824289 2.1079
-0.0911016 -0.990166 -0.106169 2.2759
0.0179765 -0.997166 -0.0730476 2.20774
-0.0118863 -0.995324 -0.0958584 2.31518
-0.0149372 -0.993949 -0.108819 2.34152
-0.00531068 -0.995586 -0.0937011 2.25345
-0.0207421 -0.99531 -0.0944875 2.20918
-0.0428437 -0.992555 -0.114016 2.35758
-0.00317569 -0.99606 -0.0886248 2.25859
-0.0350577 -0.993979 -0.103807 2.31575
-0.00477457 -0.999005 -0.0443447 2.02016
-0.0921858 -0.989504 -0.111278 2.2491
-0.00640619 -0.999856 -0.0156856 1.88499
-0.122332 -0.97828 -0.167338 2.51213
-0.121898 -0.983221 -0.135708 2.33049
0.0828555 -0.989926 -0.114811 2.43528
0.0462906 -0.99536 -0.0843527 2.25283
0.0187764 -0.990352 -0.137299 2.48496
-0.0174077 -0.996115 -0.0863267 2.18725
-0.0652925 -0.984707 -0.161519 2.51214
-0.0657501 -0.985621 -0.155653 2.43311
-0.0460186 -0.989381 -0.137869 2.39027
0.0312363 -0.994875 -0.0961639 2.31425
0.032034 -0.995547 -0.0886609 2.22609
-0.00482194 -0.995225 -0.0974922 2.24007
-0.0466933 -0.991744 -0.119429 2.23799
-0.00440778 -0.989207 -0.14646 2.53375
-0.158686 -0.980438 -0.116445 1.98319
0.06537 -0.9887 -0.134903 2.47406
-0.16264 -0.980698 -0.108534 1.93391
-0.00143957 -0.990222 -0.139492 2.39807
0.00429117 -0.991428 -0.130586 2.28718
-0.00530734 -0.993526 -0.113478 2.18603
0.117817 -0.987589 -0.103857 2.39399
-0.0357854 -0.989849 -0.137541 2.33221
0.0085012 -0.991266 -0.131607 2.39206
-0.0219369 -0.98965 -0.141815 2.3906
-0.0025226 -0.991895 -0.127034 2.34745
-0.0389553 -0.993721 -0.104882 2.04891
-0.0148951 -0.991772 -0.127151 2.27929
0.0372891 -0.996809 -0.0705839 2.05234
-0.0429321 -0.990175 -0.133082 2.33868
-0.0148388 -0.986186 -0.164976 2.5227
-0.0541328 -0.988951 -0.138007 2.23929
-0.0879046 -0.987488 -0.13092 2.14002
0.00150282 -0.995282 -0.0970133 2.18745
0.0341001 -0.99469 -0.0971073 2.20083
0.0420897 -0.988713 -0.143789 2.50151
0.00841888 -0.991913 -0.126641 2.27267
-0.0028661 -0.993835 -0.110828 2.18606
0.0186437 -0.995671 -0.0910612 2.08041
0.0102006 -0.991488 -0.129796 2.29518
0.0207221 -0.994194 -0.105585 2.20737
8.39315e-05 -0.992328 -0.123631 2.30468
0.0119666 -0.99313 -0.116403 2.29193
0.0294411 -0.994441 -0.101092 2.30021
0.00836724 -0.994636 -0.103095 2.24472
0.0294898 -0.996097 -0.0831929 2.11568
0.0390207 -0.995909 -0.0814976 2.14798
-0.000817873 -0.996663 -0.0816236 2.09173
0.0711574 -0.996106 -0.0520571 2.08303
