20727647.100297771 3655950.901295551
20727647.090297770 3655951.034495551
20727647.080297772 3655951.167695551
20727647.070297770 3655951.300895551
20727647.060297772 3655951.434095551
20727647.050297771 3655951.567295551
20727647.040297773 3655951.700495551
20727647.030297771 3655951.833695551
20727647.020297773 3655951.966895551
20727647.010297772 3655952.100095551
20727647.000297770 3655952.233295551
20727646.990297772 3655952.366495551
20727646.980297770 3655952.499695551
20727646.970297772 3655952.632895551
20727646.960297771 3655952.766095551
20727646.950297773 3655952.899295551
20727646.940297771 3655953.032495551
20727646.930297770 3655953.165695551
20727646.920297772 3655953.298895551
20727646.910297770 3655953.432095551
20727646.900297772 3655953.565295551
20727646.890297771 3655953.698495551
20727646.880297773 3655953.831695551
20727646.870297771 3655953.964895551
20727646.860297773 3655954.098095551
20727646.850297771 3655954.231295551
20727646.840297770 3655954.364495551
20727646.830297772 3655954.497695551
20727646.820297770 3655954.630895551
20727646.810297772 3655954.764095551
20727646.800297771 3655954.897295551
20727646.790297773 3655955.030495551
20727646.780297771 3655955.163695551
20727646.770297773 3655955.296895551
20727646.760297772 3655955.430095551
20727646.750297770 3655955.563295551
20727646.740297772 3655955.696495551
20727646.730297770 3655955.829695551
20727646.720297772 3655955.962895551
20727646.710297771 3655956.096095551
20727646.700297773 3655956.229295551
20727646.690297771 3655956.362495551
20727646.680297770 3655956.495695551
20727646.670297772 3655956.628895551
20727646.660297770 3655956.762095551
20727646.650297772 3655956.895295551
20727646.640297771 3655957.028495551
20727646.630297773 3655957.161695551
20727646.620297771 3655957.294895551
20727646.610297773 3655957.428095551
20727646.600297771 3655957.561295551
20727646.590297770 3655957.694495551
20727646.580297772 3655957.827695551
20727646.570297770 3655957.960895551
20727646.560297772 3655958.094095551
20727646.550297771 3655958.227295551
20727646.540297773 3655958.360495551
20727646.530297771 3655958.493695551
20727646.520297773 3655958.626895551
20727646.510297772 3655958.760095551
20727646.500297770 3655958.893295551
20727646.490297772 3655959.026495551
20727646.480297770 3655959.159695551
20727646.470297772 3655959.292895551
20727646.460297771 3655959.426095551
20727646.450297773 3655959.559295551
20727646.440297771 3655959.692495551
20727646.430297770 3655959.825695551
20727646.420297772 3655959.958895551
20727646.410297770 3655960.092095551
20727646.400297772 3655960.225295551
20727646.390297771 3655960.358495551
20727646.380297773 3655960.491695551
20727646.370297771 3655960.624895551
20727646.360297773 3655960.758095551
20727646.350297771 3655960.891295551
20727646.340297770 3655961.024495551
20727646.330297772 3655961.157695551
20727646.320297770 3655961.290895551
20727646.310297772 3655961.424095551
20727646.300297771 3655961.557295551
20727646.290297773 3655961.690495551
20727646.280297771 3655961.823695551
20727646.270297773 3655961.956895551
20727646.260297772 3655962.090095551
20727646.250297770 3655962.223295551
20727646.240297772 3655962.356495551
20727646.230297770 3655962.489695551
20727646.220297772 3655962.622895551
20727646.210297771 3655962.756095551
20727646.200297773 3655962.889295551
20727646.190297771 3655963.022495551
20727646.180297770 3655963.155695551
20727646.170297772 3655963.288895551
20727646.160297770 3655963.422095551
20727646.150297772 3655963.555295551
20727646.140297771 3655963.688495551
20727646.130297773 3655963.821695551
20727646.120297771 3655963.954895551
20727646.110297773 3655964.088095551
20727646.100297771 3655964.221295551
20727646.090297770 3655964.354495551
20727646.080297772 3655964.487695551
20727646.070297770 3655964.620895551
20727646.060297772 3655964.754095551
20727646.050297771 3655964.887295551
20727646.040297773 3655965.020495551
20727646.030297771 3655965.153695551
20727646.020297773 3655965.286895551
20727646.010297772 3655965.420095551
20727646.000297770 3655965.553295551
20727645.990297772 3655965.686495551
20727645.980297770 3655965.819695551
20727645.970297772 3655965.952895551
20727645.960297771 3655966.086095551
20727645.950297773 3655966.219295551
20727645.940297771 3655966.352495551
20727645.930297770 3655966.485695551
20727645.920297772 3655966.618895551
20727645.910297770 3655966.752095551
20727645.900297772 3655966.885295551
20727645.890297771 3655967.018495551
20727645.880297773 3655967.151695551
20727645.870297771 3655967.284895551
20727645.860297773 3655967.418095551
20727645.850297771 3655967.551295551
20727645.840297770 3655967.684495551
20727645.830297772 3655967.817695551
20727645.820297770 3655967.950895551
20727645.810297772 3655968.084095551
20727645.800297771 3655968.217295551
20727645.790297773 3655968.350495551
20727645.780297771 3655968.483695551
20727645.770297773 3655968.616895551
20727645.760297772 3655968.750095551
20727645.750297770 3655968.883295551
20727645.740297772 3655969.016495551
20727645.730297770 3655969.149695551
20727645.720297772 3655969.282895551
20727645.710297771 3655969.416095551
20727645.700297773 3655969.549295551
20727645.690297771 3655969.682495551
20727645.680297770 3655969.815695551
20727645.670297772 3655969.948895551
20727645.660297770 3655970.082095551
20727645.650297772 3655970.215295551
20727645.640297771 3655970.348495551
20727645.630297773 3655970.481695551
20727645.620297771 3655970.614895551
20727645.610297773 3655970.748095551
20727645.600297771 3655970.881295551
20727645.590297770 3655971.014495551
20727645.580297772 3655971.147695551
20727645.570297770 3655971.280895551
20727645.560297772 3655971.414095551
20727645.550297771 3655971.547295551
20727645.540297773 3655971.680495551
20727645.530297771 3655971.813695551
20727645.520297773 3655971.946895551
20727645.510297772 3655972.080095551
20727645.500297770 3655972.213295551
20727645.490297772 3655972.346495551
20727645.480297770 3655972.479695551
20727645.470297772 3655972.612895551
20727645.460297771 3655972.746095551
20727645.450297773 3655972.879295551
20727645.440297771 3655973.012495551
20727645.430297770 3655973.145695551
20727645.420297772 3655973.278895551
20727645.410297770 3655973.412095551
20727645.400297772 3655973.545295551
20727645.390297771 3655973.678495551
20727645.380297773 3655973.811695551
20727645.370297771 3655973.944895551
20727645.360297773 3655974.078095551
20727645.350297771 3655974.211295551
20727645.340297770 3655974.344495551
20727645.330297772 3655974.477695551
20727645.320297770 3655974.610895551
20727645.310297772 3655974.744095551
20727645.300297771 3655974.877295551
20727645.290297773 3655975.010495551
20727645.280297771 3655975.143695551
20727645.270297773 3655975.276895551
20727645.260297772 3655975.410095551
20727645.250297770 3655975.543295551
20727645.240297772 3655975.676495551
20727645.230297770 3655975.809695551
20727645.220297772 3655975.942895551
20727645.210297771 3655976.076095551
20727645.200297773 3655976.209295551
20727645.190297771 3655976.342495551
20727645.180297770 3655976.475695551
20727645.170297772 3655976.608895551
20727645.160297770 3655976.742095551
20727645.150297772 3655976.875295551
20727645.140297771 3655977.008495551
20727645.130297773 3655977.141695551
20727645.120297771 3655977.274895551
20727645.110297773 3655977.408095551
20727645.100297771 3655977.541295551
20727645.090297770 3655977.674495551
20727645.080297772 3655977.807695551
20727645.070297770 3655977.940895551
20727645.060297772 3655978.074095551
20727645.050297771 3655978.207295551
20727645.040297773 3655978.340495551
20727645.030297771 3655978.473695551
20727645.020297773 3655978.606895551
20727645.010297772 3655978.740095551
20727645.000297770 3655978.873295551
20727644.990297772 3655979.006495551
20727644.980297770 3655979.139695551
20727644.970297772 3655979.272895551
20727644.960297771 3655979.406095551
20727644.950297773 3655979.539295551
20727644.940297771 3655979.672495551
20727644.930297770 3655979.805695551
20727644.920297772 3655979.938895551
20727644.910297770 3655980.072095551
20727644.900297772 3655980.205295551
20727644.890297771 3655980.338495551
20727644.880297773 3655980.471695551
20727644.870297771 3655980.604895551
20727644.860297773 3655980.738095551
20727644.850297771 3655980.871295551
20727644.840297770 3655981.004495551
20727644.830297772 3655981.137695551
20727644.820297770 3655981.270895551
20727644.810297772 3655981.404095551
20727644.800297771 3655981.537295551
20727644.790297773 3655981.670495551
20727644.780297771 3655981.803695551
20727644.770297773 3655981.936895551
20727644.760297772 3655982.070095551
20727644.750297770 3655982.203295551
20727644.740297772 3655982.336495551
20727644.730297770 3655982.469695551
20727644.720297772 3655982.602895551
20727644.710297771 3655982.736095551
20727644.700297773 3655982.869295551
20727644.690297771 3655983.002495551
20727644.680297770 3655983.135695551
20727644.670297772 3655983.268895551
20727644.660297770 3655983.402095551
20727644.650297772 3655983.535295551
20727644.640297771 3655983.668495551
20727644.630297773 3655983.801695551
20727644.620297771 3655983.934895551
20727644.610297773 3655984.068095551
20727644.600297771 3655984.201295551
20727644.590297770 3655984.334495551
20727644.580297772 3655984.467695551
20727644.570297770 3655984.600895551
20727644.560297772 3655984.734095551
20727644.550297771 3655984.867295551
20727644.540297773 3655985.000495551
20727644.530297771 3655985.133695551
20727644.520297773 3655985.266895551
20727644.510297772 3655985.400095551
20727644.500297770 3655985.533295551
20727644.490297772 3655985.666495551
20727644.480297770 3655985.799695551
20727644.470297772 3655985.932895551
20727644.460297771 3655986.066095551
20727644.450297773 3655986.199295551
20727644.440297771 3655986.332495551
20727644.430297770 3655986.465695551
20727644.420297772 3655986.598895551
20727644.410297770 3655986.732095551
20727644.400297772 3655986.865295551
20727644.390297771 3655986.998495551
20727644.380297773 3655987.131695551
20727644.370297771 3655987.264895551
20727644.360297773 3655987.398095551
20727644.350297771 3655987.531295551
20727644.340297770 3655987.664495551
20727644.330297772 3655987.797695551
20727644.320297770 3655987.930895551
20727644.310297772 3655988.064095551
20727644.300297771 3655988.197295551
20727644.290297773 3655988.330495551
20727644.280297771 3655988.463695551
20727644.270297773 3655988.596895551
20727644.260297772 3655988.730095551
20727644.250297770 3655988.863295551
20727644.240297772 3655988.996495551
20727644.230297770 3655989.129695551
20727644.220297772 3655989.262895551
20727644.210297771 3655989.396095551
20727644.200297773 3655989.529295551
20727644.190297771 3655989.662495551
20727644.180297770 3655989.795695551
20727644.170297772 3655989.928895551
20727644.160297770 3655990.062095551
20727644.150297772 3655990.195295551
20727644.140297771 3655990.328495551
20727644.130297773 3655990.461695551
20727644.120297771 3655990.594895551
20727644.110297773 3655990.728095551
20727644.100297771 3655990.861295551
20727644.090297770 3655990.994495551
20727644.080297772 3655991.127695551
20727644.070297770 3655991.260895551
20727644.060297772 3655991.394095551
20727644.050297771 3655991.527295551
20727644.040297773 3655991.660495551
20727644.030297771 3655991.793695551
20727644.020297773 3655991.926895551
20727644.010297772 3655992.060095551
20727644.000297770 3655992.193295551
20727643.990297772 3655992.326495551
20727643.980297770 3655992.459695551
20727643.970297772 3655992.592895551
20727643.960297771 3655992.726095551
20727643.950297773 3655992.859295551
20727643.940297771 3655992.992495551
20727643.930297770 3655993.125695551
20727643.920297772 3655993.258895551
20727643.910297770 3655993.392095551
20727643.900297772 3655993.525295551
20727643.890297771 3655993.658495551
20727643.880297773 3655993.791695551
20727643.870297771 3655993.924895551
20727643.860297773 3655994.058095551
20727643.850297771 3655994.191295551
20727643.840297770 3655994.324495551
20727643.830297772 3655994.457695551
20727643.820297770 3655994.590895551
20727643.810297772 3655994.724095551
20727643.800297771 3655994.857295551
20727643.790297773 3655994.990495551
20727643.780297771 3655995.123695551
20727643.770297773 3655995.256895551
20727643.760297772 3655995.390095551
20727643.750297770 3655995.523295551
20727643.740297772 3655995.656495551
20727643.730297770 3655995.789695551
20727643.720297772 3655995.922895551
20727643.710297771 3655996.056095551
20727643.700297773 3655996.189295551
20727643.690297771 3655996.322495551
20727643.680297770 3655996.455695551
20727643.670297772 3655996.588895551
20727643.660297770 3655996.722095551
20727643.650297772 3655996.855295551
20727643.640297771 3655996.988495551
20727643.630297773 3655997.121695551
20727643.620297771 3655997.254895551
20727643.610297773 3655997.388095551
20727643.600297771 3655997.521295551
20727643.590297770 3655997.654495551
20727643.580297772 3655997.787695551
20727643.570297770 3655997.920895551
20727643.560297772 3655998.054095551
20727643.550297771 3655998.187295551
20727643.540297773 3655998.320495551
20727643.530297771 3655998.453695551
20727643.520297773 3655998.586895551
20727643.510297772 3655998.720095551
20727643.500297770 3655998.853295551
20727643.490297772 3655998.986495551
20727643.480297770 3655999.119695551
20727643.470297772 3655999.252895551
20727643.460297771 3655999.386095551
20727643.450297773 3655999.519295551
20727643.440297771 3655999.652495551
20727643.430297770 3655999.785695551
20727643.420297772 3655999.918895551
20727643.410297770 3656000.052095551
20727643.400297772 3656000.185295551
20727643.390297771 3656000.318495551
20727643.380297773 3656000.451695551
20727643.370297771 3656000.584895551
20727643.360297773 3656000.718095551
20727643.350297771 3656000.851295551
20727643.340297770 3656000.984495551
20727643.330297772 3656001.117695551
20727643.320297770 3656001.250895551
20727643.310297772 3656001.384095551
20727643.300297771 3656001.517295551
20727643.290297773 3656001.650495551
20727643.280297771 3656001.783695551
20727643.270297773 3656001.916895551
20727643.260297772 3656002.050095551
20727643.250297770 3656002.183295551
20727643.240297772 3656002.316495551
20727643.230297770 3656002.449695551
20727643.220297772 3656002.582895551
20727643.210297771 3656002.716095551
20727643.200297773 3656002.849295551
20727643.190297771 3656002.982495551
20727643.180297770 3656003.115695551
20727643.170297772 3656003.248895551
20727643.160297770 3656003.382095551
20727643.150297772 3656003.515295551
20727643.140297771 3656003.648495551
20727643.130297773 3656003.781695551
20727643.120297771 3656003.914895551
20727643.110297773 3656004.048095551
20727643.100297771 3656004.181295551
20727643.090297770 3656004.314495551
20727643.080297772 3656004.447695551
20727643.070297770 3656004.580895551
20727643.060297772 3656004.714095551
20727643.050297771 3656004.847295551
20727643.040297773 3656004.980495551
20727643.030297771 3656005.113695551
20727643.020297773 3656005.246895551
20727643.010297772 3656005.380095551
20727643.000297770 3656005.513295551
20727642.990297772 3656005.646495551
20727642.980297770 3656005.779695551
20727642.970297772 3656005.912895551
20727642.960297771 3656006.046095551
20727642.950297773 3656006.179295551
20727642.940297771 3656006.312495551
20727642.930297770 3656006.445695551
20727642.920297772 3656006.578895551
20727642.910297770 3656006.712095551
20727642.900297772 3656006.845295551
20727642.890297771 3656006.978495551
20727642.880297773 3656007.111695551
20727642.870297771 3656007.244895551
20727642.860297773 3656007.378095551
20727642.850297771 3656007.511295551
20727642.840297770 3656007.644495551
20727642.830297772 3656007.777695551
20727642.820297770 3656007.910895551
20727642.810297772 3656008.044095551
20727642.800297771 3656008.177295551
20727642.790297773 3656008.310495551
20727642.780297771 3656008.443695551
20727642.770297773 3656008.576895551
20727642.760297772 3656008.710095551
20727642.750297770 3656008.843295551
20727642.740297772 3656008.976495551
20727642.730297770 3656009.109695551
20727642.720297772 3656009.242895551
20727642.710297771 3656009.376095551
20727642.700297773 3656009.509295551
20727642.690297771 3656009.642495551
20727642.680297770 3656009.775695551
20727642.670297772 3656009.908895551
20727642.660297770 3656010.042095551
20727642.650297772 3656010.175295551
20727642.640297771 3656010.308495551
20727642.630297773 3656010.441695551
20727642.620297771 3656010.574895551
20727642.610297773 3656010.708095551
20727642.600297771 3656010.841295551
20727642.590297770 3656010.974495551
20727642.580297772 3656011.107695551
20727642.570297770 3656011.240895551
20727642.560297772 3656011.374095551
20727642.550297771 3656011.507295551
20727642.540297773 3656011.640495551
20727642.530297771 3656011.773695551
20727642.520297773 3656011.906895551
20727642.510297772 3656012.040095551
20727642.500297770 3656012.173295551
20727642.490297772 3656012.306495551
20727642.480297770 3656012.439695551
20727642.470297772 3656012.572895551
20727642.460297771 3656012.706095551
20727642.450297773 3656012.839295551
20727642.440297771 3656012.972495551
20727642.430297770 3656013.105695551
20727642.420297772 3656013.238895551
20727642.410297770 3656013.372095551
20727642.400297772 3656013.505295551
20727642.390297771 3656013.638495551
20727642.380297773 3656013.771695551
20727642.370297771 3656013.904895551
20727642.360297773 3656014.038095551
20727642.350297771 3656014.171295551
20727642.340297770 3656014.304495551
20727642.330297772 3656014.437695551
20727642.320297770 3656014.570895551
20727642.310297772 3656014.704095551
20727642.300297771 3656014.837295551
20727642.290297773 3656014.970495551
20727642.280297771 3656015.103695551
20727642.270297773 3656015.236895551
20727642.260297772 3656015.370095551
20727642.250297770 3656015.503295551
20727642.240297772 3656015.636495551
20727642.230297770 3656015.769695551
20727642.220297772 3656015.902895551
20727642.210297771 3656016.036095551
20727642.200297773 3656016.169295551
20727642.190297771 3656016.302495551
20727642.180297770 3656016.435695551
20727642.170297772 3656016.568895551
20727642.160297770 3656016.702095551
20727642.150297772 3656016.835295551
20727642.140297771 3656016.968495551
20727642.130297773 3656017.101695551
20727642.120297771 3656017.234895551
20727642.110297773 3656017.368095551
20727642.100297771 3656017.501295551
20727642.090297770 3656017.634495551
20727642.080297772 3656017.767695551
20727642.070297770 3656017.900895551
20727642.060297772 3656018.034095551
20727642.050297771 3656018.167295551
20727642.040297773 3656018.300495551
20727642.030297771 3656018.433695551
20727642.020297773 3656018.566895551
20727642.010297772 3656018.700095551
20727642.000297770 3656018.833295551
20727641.990297772 3656018.966495551
20727641.980297770 3656019.099695551
20727641.970297772 3656019.232895551
20727641.960297771 3656019.366095551
20727641.950297773 3656019.499295551
20727641.940297771 3656019.632495551
20727641.930297770 3656019.765695551
20727641.920297772 3656019.898895551
20727641.910297770 3656020.032095551
20727641.900297772 3656020.165295551
20727641.890297771 3656020.298495551
20727641.880297773 3656020.431695551
20727641.870297771 3656020.564895551
20727641.860297773 3656020.698095551
20727641.850297771 3656020.831295551
20727641.840297770 3656020.964495551
20727641.830297772 3656021.097695551
20727641.820297770 3656021.230895551
20727641.810297772 3656021.364095551
20727641.800297771 3656021.497295551
20727641.790297773 3656021.630495551
20727641.780297771 3656021.763695551
20727641.770297773 3656021.896895551
20727641.760297772 3656022.030095551
20727641.750297770 3656022.163295551
20727641.740297772 3656022.296495551
20727641.730297770 3656022.429695551
20727641.720297772 3656022.562895551
20727641.710297771 3656022.696095551
20727641.700297773 3656022.829295551
20727641.690297771 3656022.962495551
20727641.680297770 3656023.095695551
20727641.670297772 3656023.228895551
20727641.660297770 3656023.362095551
20727641.650297772 3656023.495295551
20727641.640297771 3656023.628495551
20727641.630297773 3656023.761695551
20727641.620297771 3656023.894895551
20727641.610297773 3656024.028095551
20727641.600297771 3656024.161295551
20727641.590297770 3656024.294495551
20727641.580297772 3656024.427695551
20727641.570297770 3656024.560895551
20727641.560297772 3656024.694095551
20727641.550297771 3656024.827295551
20727641.540297773 3656024.960495551
20727641.530297771 3656025.093695551
20727641.520297773 3656025.226895551
20727641.510297772 3656025.360095551
20727641.500297770 3656025.493295551
20727641.490297772 3656025.626495551
20727641.480297770 3656025.759695551
20727641.470297772 3656025.892895551
20727641.460297771 3656026.026095551
20727641.450297773 3656026.159295551
20727641.440297771 3656026.292495551
20727641.430297770 3656026.425695551
20727641.420297772 3656026.558895551
20727641.410297770 3656026.692095551
20727641.400297772 3656026.825295551
20727641.390297771 3656026.958495551
20727641.380297773 3656027.091695551
20727641.370297771 3656027.224895551
20727641.360297773 3656027.358095551
20727641.350297771 3656027.491295551
20727641.340297770 3656027.624495551
20727641.330297772 3656027.757695551
20727641.320297770 3656027.890895551
20727641.310297772 3656028.024095551
20727641.300297771 3656028.157295551
20727641.290297773 3656028.290495551
20727641.280297771 3656028.423695551
20727641.270297773 3656028.556895551
20727641.260297772 3656028.690095551
20727641.250297770 3656028.823295551
20727641.240297772 3656028.956495551
20727641.230297770 3656029.089695551
20727641.220297772 3656029.222895551
20727641.210297771 3656029.356095551
20727641.200297773 3656029.489295551
20727641.190297771 3656029.622495551
20727641.180297770 3656029.755695551
20727641.170297772 3656029.888895551
20727641.160297770 3656030.022095551
20727641.150297772 3656030.155295551
20727641.140297771 3656030.288495551
20727641.130297773 3656030.421695551
20727641.120297771 3656030.554895551
20727641.110297773 3656030.688095551
20727641.100297771 3656030.821295551
20727641.090297770 3656030.954495551
20727641.080297772 3656031.087695551
20727641.070297770 3656031.220895551
20727641.060297772 3656031.354095551
20727641.050297771 3656031.487295551
20727641.040297773 3656031.620495551
20727641.030297771 3656031.753695551
20727641.020297773 3656031.886895551
20727641.010297772 3656032.020095551
20727641.000297770 3656032.153295551
20727640.990297772 3656032.286495551
20727640.980297770 3656032.419695551
20727640.970297772 3656032.552895551
20727640.960297771 3656032.686095551
20727640.950297773 3656032.819295551
20727640.940297771 3656032.952495551
20727640.930297770 3656033.085695551
20727640.920297772 3656033.218895551
20727640.910297770 3656033.352095551
20727640.900297772 3656033.485295551
20727640.890297771 3656033.618495551
20727640.880297773 3656033.751695551
20727640.870297771 3656033.884895551
20727640.860297773 3656034.018095551
20727640.850297771 3656034.151295551
20727640.840297770 3656034.284495551
20727640.830297772 3656034.417695551
20727640.820297770 3656034.550895551
20727640.810297772 3656034.684095551
20727640.800297771 3656034.817295551
20727640.790297773 3656034.950495551
20727640.780297771 3656035.083695551
20727640.770297773 3656035.216895551
20727640.760297772 3656035.350095551
20727640.750297770 3656035.483295551
20727640.740297772 3656035.616495551
20727640.730297770 3656035.749695551
20727640.720297772 3656035.882895551
20727640.710297771 3656036.016095551
20727640.700297773 3656036.149295551
20727640.690297771 3656036.282495551
20727640.680297770 3656036.415695551
20727640.670297772 3656036.548895551
20727640.660297770 3656036.682095551
20727640.650297772 3656036.815295551
20727640.640297771 3656036.948495551
20727640.630297773 3656037.081695551
20727640.620297771 3656037.214895551
20727640.610297773 3656037.348095551
20727640.600297771 3656037.481295551
20727640.590297770 3656037.614495551
20727640.580297772 3656037.747695551
20727640.570297770 3656037.880895551
20727640.560297772 3656038.014095551
20727640.550297771 3656038.147295551
20727640.540297773 3656038.280495551
20727640.530297771 3656038.413695551
20727640.520297773 3656038.546895551
20727640.510297772 3656038.680095551
20727640.500297770 3656038.813295551
20727640.490297772 3656038.946495551
20727640.480297770 3656039.079695551
20727640.470297772 3656039.212895551
20727640.460297771 3656039.346095551
20727640.450297773 3656039.479295551
20727640.440297771 3656039.612495551
20727640.430297770 3656039.745695551
20727640.420297772 3656039.878895551
20727640.410297770 3656040.012095551
20727640.400297772 3656040.145295551
20727640.390297771 3656040.278495551
20727640.380297773 3656040.411695551
20727640.370297771 3656040.544895551
20727640.360297773 3656040.678095551
20727640.350297771 3656040.811295551
20727640.340297770 3656040.944495551
20727640.330297772 3656041.077695551
20727640.320297770 3656041.210895551
20727640.310297772 3656041.344095551
20727640.300297771 3656041.477295551
20727640.290297773 3656041.610495551
20727640.280297771 3656041.743695551
20727640.270297773 3656041.876895551
20727640.260297772 3656042.010095551
20727640.250297770 3656042.143295551
20727640.240297772 3656042.276495551
20727640.230297770 3656042.409695551
20727640.220297772 3656042.542895551
20727640.210297771 3656042.676095551
20727640.200297773 3656042.809295551
20727640.190297771 3656042.942495551
20727640.180297770 3656043.075695551
20727640.170297772 3656043.208895551
20727640.160297770 3656043.342095551
20727640.150297772 3656043.475295551
20727640.140297771 3656043.608495551
20727640.130297773 3656043.741695551
20727640.120297771 3656043.874895551
20727640.110297773 3656044.008095551
20727640.100297771 3656044.141295551
20727640.090297770 3656044.274495551
20727640.080297772 3656044.407695551
20727640.070297770 3656044.540895551
20727640.060297772 3656044.674095551
20727640.050297771 3656044.807295551
20727640.040297773 3656044.940495551
20727640.030297771 3656045.073695551
20727640.020297773 3656045.206895551
20727640.010297772 3656045.340095551
20727640.000297770 3656045.473295551
20727639.990297772 3656045.606495551
20727639.980297770 3656045.739695551
20727639.970297772 3656045.872895551
20727639.960297771 3656046.006095551
20727639.950297773 3656046.139295551
20727639.940297771 3656046.272495551
20727639.930297770 3656046.405695551
20727639.920297772 3656046.538895551
20727639.910297770 3656046.672095551
20727639.900297772 3656046.805295551
20727639.890297771 3656046.938495551
20727639.880297773 3656047.071695551
20727639.870297771 3656047.204895551
20727639.860297773 3656047.338095551
20727639.850297771 3656047.471295551
20727639.840297770 3656047.604495551
20727639.830297772 3656047.737695551
20727639.820297770 3656047.870895551
20727639.810297772 3656048.004095551
20727639.800297771 3656048.137295551
20727639.790297773 3656048.270495551
20727639.780297771 3656048.403695551
20727639.770297773 3656048.536895551
20727639.760297772 3656048.670095551
20727639.750297770 3656048.803295551
20727639.740297772 3656048.936495551
20727639.730297770 3656049.069695551
20727639.720297772 3656049.202895551
20727639.710297771 3656049.336095551
20727639.700297773 3656049.469295551
20727639.690297771 3656049.602495551
20727639.680297770 3656049.735695551
20727639.670297772 3656049.868895551
20727639.660297770 3656050.002095551
20727639.650297772 3656050.135295551
20727639.640297771 3656050.268495551
20727639.630297773 3656050.401695551
20727639.620297771 3656050.534895551
20727639.610297773 3656050.668095551
20727639.600297771 3656050.801295551
20727639.590297770 3656050.934495551
20727639.580297772 3656051.067695551
20727639.570297770 3656051.200895551
20727639.560297772 3656051.334095551
20727639.550297771 3656051.467295551
20727639.540297773 3656051.600495551
20727639.530297771 3656051.733695551
20727639.520297773 3656051.866895551
20727639.510297772 3656052.000095551
20727639.500297770 3656052.133295551
20727639.490297772 3656052.266495551
20727639.480297770 3656052.399695551
20727639.470297772 3656052.532895551
20727639.460297771 3656052.666095551
20727639.450297773 3656052.799295551
20727639.440297771 3656052.932495551
20727639.430297770 3656053.065695551
20727639.420297772 3656053.198895551
20727639.410297770 3656053.332095551
20727639.400297772 3656053.465295551
20727639.390297771 3656053.598495551
20727639.380297773 3656053.731695551
20727639.370297771 3656053.864895551
20727639.360297773 3656053.998095551
20727639.350297771 3656054.131295551
20727639.340297770 3656054.264495551
20727639.330297772 3656054.397695551
20727639.320297770 3656054.530895551
20727639.310297772 3656054.664095551
20727639.300297771 3656054.797295551
20727639.290297773 3656054.930495551
20727639.280297771 3656055.063695551
20727639.270297773 3656055.196895551
20727639.260297772 3656055.330095551
20727639.250297770 3656055.463295551
20727639.240297772 3656055.596495551
20727639.230297770 3656055.729695551
20727639.220297772 3656055.862895551
20727639.210297771 3656055.996095551
20727639.200297773 3656056.129295551
20727639.190297771 3656056.262495551
20727639.180297770 3656056.395695551
20727639.170297772 3656056.528895551
20727639.160297770 3656056.662095551
20727639.150297772 3656056.795295551
20727639.140297771 3656056.928495551
20727639.130297773 3656057.061695551
20727639.120297771 3656057.194895551
20727639.110297773 3656057.328095551
20727639.100297771 3656057.461295551
20727639.090297770 3656057.594495551
20727639.080297772 3656057.727695551
20727639.070297770 3656057.860895551
20727639.060297772 3656057.994095551
20727639.050297771 3656058.127295551
20727639.040297773 3656058.260495551
20727639.030297771 3656058.393695551
20727639.020297773 3656058.526895551
20727639.010297772 3656058.660095551
20727639.000297770 3656058.793295551
20727638.990297772 3656058.926495551
20727638.980297770 3656059.059695551
20727638.970297772 3656059.192895551
20727638.960297771 3656059.326095551
20727638.950297773 3656059.459295551
20727638.940297771 3656059.592495551
20727638.930297770 3656059.725695551
20727638.920297772 3656059.858895551
20727638.910297770 3656059.992095551
20727638.900297772 3656060.125295551
20727638.890297771 3656060.258495551
20727638.880297773 3656060.391695551
20727638.870297771 3656060.524895551
20727638.860297773 3656060.658095551
20727638.850297771 3656060.791295551
20727638.840297770 3656060.924495551
20727638.830297772 3656061.057695551
20727638.820297770 3656061.190895551
20727638.810297772 3656061.324095551
20727638.800297771 3656061.457295551
20727638.790297773 3656061.590495551
20727638.780297771 3656061.723695551
20727638.770297773 3656061.856895551
20727638.760297772 3656061.990095551
20727638.750297770 3656062.123295551
20727638.740297772 3656062.256495551
20727638.730297770 3656062.389695551
20727638.720297772 3656062.522895551
20727638.710297771 3656062.656095551
20727638.700297773 3656062.789295551
20727638.690297771 3656062.922495551
20727638.680297770 3656063.055695551
20727638.670297772 3656063.188895551
20727638.660297770 3656063.322095551
20727638.650297772 3656063.455295551
20727638.640297771 3656063.588495551
20727638.630297773 3656063.721695551
20727638.620297771 3656063.854895551
20727638.610297773 3656063.988095551
20727638.600297771 3656064.121295551
20727638.590297770 3656064.254495551
20727638.580297772 3656064.387695551
20727638.570297770 3656064.520895551
20727638.560297772 3656064.654095551
20727638.550297771 3656064.787295551
20727638.540297773 3656064.920495551
20727638.530297771 3656065.053695551
20727638.520297773 3656065.186895551
20727638.510297772 3656065.320095551
20727638.500297770 3656065.453295551
20727638.490297772 3656065.586495551
20727638.480297770 3656065.719695551
20727638.470297772 3656065.852895551
20727638.460297771 3656065.986095551
20727638.450297773 3656066.119295551
20727638.440297771 3656066.252495551
20727638.430297770 3656066.385695551
20727638.420297772 3656066.518895551
20727638.410297770 3656066.652095551
20727638.400297772 3656066.785295551
20727638.390297771 3656066.918495551
20727638.380297773 3656067.051695551
20727638.370297771 3656067.184895551
20727638.360297773 3656067.318095551
20727638.350297771 3656067.451295551
20727638.340297770 3656067.584495551
20727638.330297772 3656067.717695551
20727638.320297770 3656067.850895551
20727638.310297772 3656067.984095551
20727638.300297771 3656068.117295551
20727638.290297773 3656068.250495551
20727638.280297771 3656068.383695551
20727638.270297773 3656068.516895551
20727638.260297772 3656068.650095551
20727638.250297770 3656068.783295551
20727638.240297772 3656068.916495551
20727638.230297770 3656069.049695551
20727638.220297772 3656069.182895551
20727638.210297771 3656069.316095551
20727638.200297773 3656069.449295551
20727638.190297771 3656069.582495551
20727638.180297770 3656069.715695551
20727638.170297772 3656069.848895551
20727638.160297770 3656069.982095551
20727638.150297772 3656070.115295551
20727638.140297771 3656070.248495551
20727638.130297773 3656070.381695551
20727638.120297771 3656070.514895551
20727638.110297773 3656070.648095551
20727638.100297771 3656070.781295551
20727638.090297770 3656070.914495551
20727638.080297772 3656071.047695551
20727638.070297770 3656071.180895551
20727638.060297772 3656071.314095551
20727638.050297771 3656071.447295551
20727638.040297773 3656071.580495551
20727638.030297771 3656071.713695551
20727638.020297773 3656071.846895551
20727638.010297772 3656071.980095551
20727638.000297770 3656072.113295551
20727637.990297772 3656072.246495551
20727637.980297770 3656072.379695551
20727637.970297772 3656072.512895551
20727637.960297771 3656072.646095551
20727637.950297773 3656072.779295551
20727637.940297771 3656072.912495551
20727637.930297770 3656073.045695551
20727637.920297772 3656073.178895551
20727637.910297770 3656073.312095551
20727637.900297772 3656073.445295551
20727637.890297771 3656073.578495551
20727637.880297773 3656073.711695551
20727637.870297771 3656073.844895551
20727637.860297773 3656073.978095551
20727637.850297771 3656074.111295551
20727637.840297770 3656074.244495551
20727637.830297772 3656074.377695551
20727637.820297770 3656074.510895551
20727637.810297772 3656074.644095551
20727637.800297771 3656074.777295551
20727637.790297773 3656074.910495551
20727637.780297771 3656075.043695551
20727637.770297773 3656075.176895551
20727637.760297772 3656075.310095551
20727637.750297770 3656075.443295551
20727637.740297772 3656075.576495551
20727637.730297770 3656075.709695551
20727637.720297772 3656075.842895551
20727637.710297771 3656075.976095551
20727637.700297773 3656076.109295551
20727637.690297771 3656076.242495551
20727637.680297770 3656076.375695551
20727637.670297772 3656076.508895551
20727637.660297770 3656076.642095551
20727637.650297772 3656076.775295551
20727637.640297771 3656076.908495551
20727637.630297773 3656077.041695551
20727637.620297771 3656077.174895551
20727637.610297773 3656077.308095551
20727637.600297771 3656077.441295551
20727637.590297770 3656077.574495551
20727637.580297772 3656077.707695551
20727637.570297770 3656077.840895551
20727637.560297772 3656077.974095551
20727637.550297771 3656078.107295551
20727637.540297773 3656078.240495551
20727637.530297771 3656078.373695551
20727637.520297773 3656078.506895551
20727637.510297772 3656078.640095551
20727637.500297770 3656078.773295551
20727637.490297772 3656078.906495551
20727637.480297770 3656079.039695551
20727637.470297772 3656079.172895551
20727637.460297771 3656079.306095551
20727637.450297773 3656079.439295551
20727637.440297771 3656079.572495551
20727637.430297770 3656079.705695551
20727637.420297772 3656079.838895551
20727637.410297770 3656079.972095551
20727637.400297772 3656080.105295551
20727637.390297771 3656080.238495551
20727637.380297773 3656080.371695551
20727637.370297771 3656080.504895551
20727637.360297773 3656080.638095551
20727637.350297771 3656080.771295551
20727637.340297770 3656080.904495551
20727637.330297772 3656081.037695551
20727637.320297770 3656081.170895551
20727637.310297772 3656081.304095551
20727637.300297771 3656081.437295551
20727637.290297773 3656081.570495551
20727637.280297771 3656081.703695551
20727637.270297773 3656081.836895551
20727637.260297772 3656081.970095551
20727637.250297770 3656082.103295551
20727637.240297772 3656082.236495551
20727637.230297770 3656082.369695551
20727637.220297772 3656082.502895551
20727637.210297771 3656082.636095551
20727637.200297773 3656082.769295551
20727637.190297771 3656082.902495551
20727637.180297770 3656083.035695551
20727637.170297772 3656083.168895551
20727637.160297770 3656083.302095551
20727637.150297772 3656083.435295551
20727637.140297771 3656083.568495551
20727637.130297773 3656083.701695551
20727637.120297771 3656083.834895551
20727637.110297773 3656083.968095551
20727637.100297771 3656084.101295551
