20727627.100297771 3656084.101295551
20727627.110297773 3656083.968095551
20727627.120297771 3656083.834895551
20727627.130297773 3656083.701695551
20727627.140297771 3656083.568495551
20727627.150297772 3656083.435295551
20727627.160297770 3656083.302095551
20727627.170297772 3656083.168895551
20727627.180297770 3656083.035695551
20727627.190297771 3656082.902495551
20727627.200297773 3656082.769295551
20727627.210297771 3656082.636095551
20727627.220297772 3656082.502895551
20727627.230297770 3656082.369695551
20727627.240297772 3656082.236495551
20727627.250297770 3656082.103295551
20727627.260297772 3656081.970095551
20727627.270297773 3656081.836895551
20727627.280297771 3656081.703695551
20727627.290297773 3656081.570495551
20727627.300297771 3656081.437295551
20727627.310297772 3656081.304095551
20727627.320297770 3656081.170895551
20727627.330297772 3656081.037695551
20727627.340297770 3656080.904495551
20727627.350297771 3656080.771295551
20727627.360297773 3656080.638095551
20727627.370297771 3656080.504895551
20727627.380297773 3656080.371695551
20727627.390297771 3656080.238495551
20727627.400297772 3656080.105295551
20727627.410297770 3656079.972095551
20727627.420297772 3656079.838895551
20727627.430297770 3656079.705695551
20727627.440297771 3656079.572495551
20727627.450297773 3656079.439295551
20727627.460297771 3656079.306095551
20727627.470297772 3656079.172895551
20727627.480297770 3656079.039695551
20727627.490297772 3656078.906495551
20727627.500297770 3656078.773295551
20727627.510297772 3656078.640095551
20727627.520297773 3656078.506895551
20727627.530297771 3656078.373695551
20727627.540297773 3656078.240495551
20727627.550297771 3656078.107295551
20727627.560297772 3656077.974095551
20727627.570297770 3656077.840895551
20727627.580297772 3656077.707695551
20727627.590297770 3656077.574495551
20727627.600297771 3656077.441295551
20727627.610297773 3656077.308095551
20727627.620297771 3656077.174895551
20727627.630297773 3656077.041695551
20727627.640297771 3656076.908495551
20727627.650297772 3656076.775295551
20727627.660297770 3656076.642095551
20727627.670297772 3656076.508895551
20727627.680297770 3656076.375695551
20727627.690297771 3656076.242495551
20727627.700297773 3656076.109295551
20727627.710297771 3656075.976095551
20727627.720297772 3656075.842895551
20727627.730297770 3656075.709695551
20727627.740297772 3656075.576495551
20727627.750297770 3656075.443295551
20727627.760297772 3656075.310095551
20727627.770297773 3656075.176895551
20727627.780297771 3656075.043695551
20727627.790297773 3656074.910495551
20727627.800297771 3656074.777295551
20727627.810297772 3656074.644095551
20727627.820297770 3656074.510895551
20727627.830297772 3656074.377695551
20727627.840297770 3656074.244495551
20727627.850297771 3656074.111295551
20727627.860297773 3656073.978095551
20727627.870297771 3656073.844895551
20727627.880297773 3656073.711695551
20727627.890297771 3656073.578495551
20727627.900297772 3656073.445295551
20727627.910297770 3656073.312095551
20727627.920297772 3656073.178895551
20727627.930297770 3656073.045695551
20727627.940297771 3656072.912495551
20727627.950297773 3656072.779295551
20727627.960297771 3656072.646095551
20727627.970297772 3656072.512895551
20727627.980297770 3656072.379695551
20727627.990297772 3656072.246495551
20727628.000297770 3656072.113295551
20727628.010297772 3656071.980095551
20727628.020297773 3656071.846895551
20727628.030297771 3656071.713695551
20727628.040297773 3656071.580495551
20727628.050297771 3656071.447295551
20727628.060297772 3656071.314095551
20727628.070297770 3656071.180895551
20727628.080297772 3656071.047695551
20727628.090297770 3656070.914495551
20727628.100297771 3656070.781295551
20727628.110297773 3656070.648095551
20727628.120297771 3656070.514895551
20727628.130297773 3656070.381695551
20727628.140297771 3656070.248495551
20727628.150297772 3656070.115295551
20727628.160297770 3656069.982095551
20727628.170297772 3656069.848895551
20727628.180297770 3656069.715695551
20727628.190297771 3656069.582495551
20727628.200297773 3656069.449295551
20727628.210297771 3656069.316095551
20727628.220297772 3656069.182895551
20727628.230297770 3656069.049695551
20727628.240297772 3656068.916495551
20727628.250297770 3656068.783295551
20727628.260297772 3656068.650095551
20727628.270297773 3656068.516895551
20727628.280297771 3656068.383695551
20727628.290297773 3656068.250495551
20727628.300297771 3656068.117295551
20727628.310297772 3656067.984095551
20727628.320297770 3656067.850895551
20727628.330297772 3656067.717695551
20727628.340297770 3656067.584495551
20727628.350297771 3656067.451295551
20727628.360297773 3656067.318095551
20727628.370297771 3656067.184895551
20727628.380297773 3656067.051695551
20727628.390297771 3656066.918495551
20727628.400297772 3656066.785295551
20727628.410297770 3656066.652095551
20727628.420297772 3656066.518895551
20727628.430297770 3656066.385695551
20727628.440297771 3656066.252495551
20727628.450297773 3656066.119295551
20727628.460297771 3656065.986095551
20727628.470297772 3656065.852895551
20727628.480297770 3656065.719695551
20727628.490297772 3656065.586495551
20727628.500297770 3656065.453295551
20727628.510297772 3656065.320095551
20727628.520297773 3656065.186895551
20727628.530297771 3656065.053695551
20727628.540297773 3656064.920495551
20727628.550297771 3656064.787295551
20727628.560297772 3656064.654095551
20727628.570297770 3656064.520895551
20727628.580297772 3656064.387695551
20727628.590297770 3656064.254495551
20727628.600297771 3656064.121295551
20727628.610297773 3656063.988095551
20727628.620297771 3656063.854895551
20727628.630297773 3656063.721695551
20727628.640297771 3656063.588495551
20727628.650297772 3656063.455295551
20727628.660297770 3656063.322095551
20727628.670297772 3656063.188895551
20727628.680297770 3656063.055695551
20727628.690297771 3656062.922495551
20727628.700297773 3656062.789295551
20727628.710297771 3656062.656095551
20727628.720297772 3656062.522895551
20727628.730297770 3656062.389695551
20727628.740297772 3656062.256495551
20727628.750297770 3656062.123295551
20727628.760297772 3656061.990095551
20727628.770297773 3656061.856895551
20727628.780297771 3656061.723695551
20727628.790297773 3656061.590495551
20727628.800297771 3656061.457295551
20727628.810297772 3656061.324095551
20727628.820297770 3656061.190895551
20727628.830297772 3656061.057695551
20727628.840297770 3656060.924495551
20727628.850297771 3656060.791295551
20727628.860297773 3656060.658095551
20727628.870297771 3656060.524895551
20727628.880297773 3656060.391695551
20727628.890297771 3656060.258495551
20727628.900297772 3656060.125295551
20727628.910297770 3656059.992095551
20727628.920297772 3656059.858895551
20727628.930297770 3656059.725695551
20727628.940297771 3656059.592495551
20727628.950297773 3656059.459295551
20727628.960297771 3656059.326095551
20727628.970297772 3656059.192895551
20727628.980297770 3656059.059695551
20727628.990297772 3656058.926495551
20727629.000297770 3656058.793295551
20727629.010297772 3656058.660095551
20727629.020297773 3656058.526895551
20727629.030297771 3656058.393695551
20727629.040297773 3656058.260495551
20727629.050297771 3656058.127295551
20727629.060297772 3656057.994095551
20727629.070297770 3656057.860895551
20727629.080297772 3656057.727695551
20727629.090297770 3656057.594495551
20727629.100297771 3656057.461295551
20727629.110297773 3656057.328095551
20727629.120297771 3656057.194895551
20727629.130297773 3656057.061695551
20727629.140297771 3656056.928495551
20727629.150297772 3656056.795295551
20727629.160297770 3656056.662095551
20727629.170297772 3656056.528895551
20727629.180297770 3656056.395695551
20727629.190297771 3656056.262495551
20727629.200297773 3656056.129295551
20727629.210297771 3656055.996095551
20727629.220297772 3656055.862895551
20727629.230297770 3656055.729695551
20727629.240297772 3656055.596495551
20727629.250297770 3656055.463295551
20727629.260297772 3656055.330095551
20727629.270297773 3656055.196895551
20727629.280297771 3656055.063695551
20727629.290297773 3656054.930495551
20727629.300297771 3656054.797295551
20727629.310297772 3656054.664095551
20727629.320297770 3656054.530895551
20727629.330297772 3656054.397695551
20727629.340297770 3656054.264495551
20727629.350297771 3656054.131295551
20727629.360297773 3656053.998095551
20727629.370297771 3656053.864895551
20727629.380297773 3656053.731695551
20727629.390297771 3656053.598495551
20727629.400297772 3656053.465295551
20727629.410297770 3656053.332095551
20727629.420297772 3656053.198895551
20727629.430297770 3656053.065695551
20727629.440297771 3656052.932495551
20727629.450297773 3656052.799295551
20727629.460297771 3656052.666095551
20727629.470297772 3656052.532895551
20727629.480297770 3656052.399695551
20727629.490297772 3656052.266495551
20727629.500297770 3656052.133295551
20727629.510297772 3656052.000095551
20727629.520297773 3656051.866895551
20727629.530297771 3656051.733695551
20727629.540297773 3656051.600495551
20727629.550297771 3656051.467295551
20727629.560297772 3656051.334095551
20727629.570297770 3656051.200895551
20727629.580297772 3656051.067695551
20727629.590297770 3656050.934495551
20727629.600297771 3656050.801295551
20727629.610297773 3656050.668095551
20727629.620297771 3656050.534895551
20727629.630297773 3656050.401695551
20727629.640297771 3656050.268495551
20727629.650297772 3656050.135295551
20727629.660297770 3656050.002095551
20727629.670297772 3656049.868895551
20727629.680297770 3656049.735695551
20727629.690297771 3656049.602495551
20727629.700297773 3656049.469295551
20727629.710297771 3656049.336095551
20727629.720297772 3656049.202895551
20727629.730297770 3656049.069695551
20727629.740297772 3656048.936495551
20727629.750297770 3656048.803295551
20727629.760297772 3656048.670095551
20727629.770297773 3656048.536895551
20727629.780297771 3656048.403695551
20727629.790297773 3656048.270495551
20727629.800297771 3656048.137295551
20727629.810297772 3656048.004095551
20727629.820297770 3656047.870895551
20727629.830297772 3656047.737695551
20727629.840297770 3656047.604495551
20727629.850297771 3656047.471295551
20727629.860297773 3656047.338095551
20727629.870297771 3656047.204895551
20727629.880297773 3656047.071695551
20727629.890297771 3656046.938495551
20727629.900297772 3656046.805295551
20727629.910297770 3656046.672095551
20727629.920297772 3656046.538895551
20727629.930297770 3656046.405695551
20727629.940297771 3656046.272495551
20727629.950297773 3656046.139295551
20727629.960297771 3656046.006095551
20727629.970297772 3656045.872895551
20727629.980297770 3656045.739695551
20727629.990297772 3656045.606495551
20727630.000297770 3656045.473295551
20727630.010297772 3656045.340095551
20727630.020297773 3656045.206895551
20727630.030297771 3656045.073695551
20727630.040297773 3656044.940495551
20727630.050297771 3656044.807295551
20727630.060297772 3656044.674095551
20727630.070297770 3656044.540895551
20727630.080297772 3656044.407695551
20727630.090297770 3656044.274495551
20727630.100297771 3656044.141295551
20727630.110297773 3656044.008095551
20727630.120297771 3656043.874895551
20727630.130297773 3656043.741695551
20727630.140297771 3656043.608495551
20727630.150297772 3656043.475295551
20727630.160297770 3656043.342095551
20727630.170297772 3656043.208895551
20727630.180297770 3656043.075695551
20727630.190297771 3656042.942495551
20727630.200297773 3656042.809295551
20727630.210297771 3656042.676095551
20727630.220297772 3656042.542895551
20727630.230297770 3656042.409695551
20727630.240297772 3656042.276495551
20727630.250297770 3656042.143295551
20727630.260297772 3656042.010095551
20727630.270297773 3656041.876895551
20727630.280297771 3656041.743695551
20727630.290297773 3656041.610495551
20727630.300297771 3656041.477295551
20727630.310297772 3656041.344095551
20727630.320297770 3656041.210895551
20727630.330297772 3656041.077695551
20727630.340297770 3656040.944495551
20727630.350297771 3656040.811295551
20727630.360297773 3656040.678095551
20727630.370297771 3656040.544895551
20727630.380297773 3656040.411695551
20727630.390297771 3656040.278495551
20727630.400297772 3656040.145295551
20727630.410297770 3656040.012095551
20727630.420297772 3656039.878895551
20727630.430297770 3656039.745695551
20727630.440297771 3656039.612495551
20727630.450297773 3656039.479295551
20727630.460297771 3656039.346095551
20727630.470297772 3656039.212895551
20727630.480297770 3656039.079695551
20727630.490297772 3656038.946495551
20727630.500297770 3656038.813295551
20727630.510297772 3656038.680095551
20727630.520297773 3656038.546895551
20727630.530297771 3656038.413695551
20727630.540297773 3656038.280495551
20727630.550297771 3656038.147295551
20727630.560297772 3656038.014095551
20727630.570297770 3656037.880895551
20727630.580297772 3656037.747695551
20727630.590297770 3656037.614495551
20727630.600297771 3656037.481295551
20727630.610297773 3656037.348095551
20727630.620297771 3656037.214895551
20727630.630297773 3656037.081695551
20727630.640297771 3656036.948495551
20727630.650297772 3656036.815295551
20727630.660297770 3656036.682095551
20727630.670297772 3656036.548895551
20727630.680297770 3656036.415695551
20727630.690297771 3656036.282495551
20727630.700297773 3656036.149295551
20727630.710297771 3656036.016095551
20727630.720297772 3656035.882895551
20727630.730297770 3656035.749695551
20727630.740297772 3656035.616495551
20727630.750297770 3656035.483295551
20727630.760297772 3656035.350095551
20727630.770297773 3656035.216895551
20727630.780297771 3656035.083695551
20727630.790297773 3656034.950495551
20727630.800297771 3656034.817295551
20727630.810297772 3656034.684095551
20727630.820297770 3656034.550895551
20727630.830297772 3656034.417695551
20727630.840297770 3656034.284495551
20727630.850297771 3656034.151295551
20727630.860297773 3656034.018095551
20727630.870297771 3656033.884895551
20727630.880297773 3656033.751695551
20727630.890297771 3656033.618495551
20727630.900297772 3656033.485295551
20727630.910297770 3656033.352095551
20727630.920297772 3656033.218895551
20727630.930297770 3656033.085695551
20727630.940297771 3656032.952495551
20727630.950297773 3656032.819295551
20727630.960297771 3656032.686095551
20727630.970297772 3656032.552895551
20727630.980297770 3656032.419695551
20727630.990297772 3656032.286495551
20727631.000297770 3656032.153295551
20727631.010297772 3656032.020095551
20727631.020297773 3656031.886895551
20727631.030297771 3656031.753695551
20727631.040297773 3656031.620495551
20727631.050297771 3656031.487295551
20727631.060297772 3656031.354095551
20727631.070297770 3656031.220895551
20727631.080297772 3656031.087695551
20727631.090297770 3656030.954495551
20727631.100297771 3656030.821295551
20727631.110297773 3656030.688095551
20727631.120297771 3656030.554895551
20727631.130297773 3656030.421695551
20727631.140297771 3656030.288495551
20727631.150297772 3656030.155295551
20727631.160297770 3656030.022095551
20727631.170297772 3656029.888895551
20727631.180297770 3656029.755695551
20727631.190297771 3656029.622495551
20727631.200297773 3656029.489295551
20727631.210297771 3656029.356095551
20727631.220297772 3656029.222895551
20727631.230297770 3656029.089695551
20727631.240297772 3656028.956495551
20727631.250297770 3656028.823295551
20727631.260297772 3656028.690095551
20727631.270297773 3656028.556895551
20727631.280297771 3656028.423695551
20727631.290297773 3656028.290495551
20727631.300297771 3656028.157295551
20727631.310297772 3656028.024095551
20727631.320297770 3656027.890895551
20727631.330297772 3656027.757695551
20727631.340297770 3656027.624495551
20727631.350297771 3656027.491295551
20727631.360297773 3656027.358095551
20727631.370297771 3656027.224895551
20727631.380297773 3656027.091695551
20727631.390297771 3656026.958495551
20727631.400297772 3656026.825295551
20727631.410297770 3656026.692095551
20727631.420297772 3656026.558895551
20727631.430297770 3656026.425695551
20727631.440297771 3656026.292495551
20727631.450297773 3656026.159295551
20727631.460297771 3656026.026095551
20727631.470297772 3656025.892895551
20727631.480297770 3656025.759695551
20727631.490297772 3656025.626495551
20727631.500297770 3656025.493295551
20727631.510297772 3656025.360095551
20727631.520297773 3656025.226895551
20727631.530297771 3656025.093695551
20727631.540297773 3656024.960495551
20727631.550297771 3656024.827295551
20727631.560297772 3656024.694095551
20727631.570297770 3656024.560895551
20727631.580297772 3656024.427695551
20727631.590297770 3656024.294495551
20727631.600297771 3656024.161295551
20727631.610297773 3656024.028095551
20727631.620297771 3656023.894895551
20727631.630297773 3656023.761695551
20727631.640297771 3656023.628495551
20727631.650297772 3656023.495295551
20727631.660297770 3656023.362095551
20727631.670297772 3656023.228895551
20727631.680297770 3656023.095695551
20727631.690297771 3656022.962495551
20727631.700297773 3656022.829295551
20727631.710297771 3656022.696095551
20727631.720297772 3656022.562895551
20727631.730297770 3656022.429695551
20727631.740297772 3656022.296495551
20727631.750297770 3656022.163295551
20727631.760297772 3656022.030095551
20727631.770297773 3656021.896895551
20727631.780297771 3656021.763695551
20727631.790297773 3656021.630495551
20727631.800297771 3656021.497295551
20727631.810297772 3656021.364095551
20727631.820297770 3656021.230895551
20727631.830297772 3656021.097695551
20727631.840297770 3656020.964495551
20727631.850297771 3656020.831295551
20727631.860297773 3656020.698095551
20727631.870297771 3656020.564895551
20727631.880297773 3656020.431695551
20727631.890297771 3656020.298495551
20727631.900297772 3656020.165295551
20727631.910297770 3656020.032095551
20727631.920297772 3656019.898895551
20727631.930297770 3656019.765695551
20727631.940297771 3656019.632495551
20727631.950297773 3656019.499295551
20727631.960297771 3656019.366095551
20727631.970297772 3656019.232895551
20727631.980297770 3656019.099695551
20727631.990297772 3656018.966495551
20727632.000297770 3656018.833295551
20727632.010297772 3656018.700095551
20727632.020297773 3656018.566895551
20727632.030297771 3656018.433695551
20727632.040297773 3656018.300495551
20727632.050297771 3656018.167295551
20727632.060297772 3656018.034095551
20727632.070297770 3656017.900895551
20727632.080297772 3656017.767695551
20727632.090297770 3656017.634495551
20727632.100297771 3656017.501295551
20727632.110297773 3656017.368095551
20727632.120297771 3656017.234895551
20727632.130297773 3656017.101695551
20727632.140297771 3656016.968495551
20727632.150297772 3656016.835295551
20727632.160297770 3656016.702095551
20727632.170297772 3656016.568895551
20727632.180297770 3656016.435695551
20727632.190297771 3656016.302495551
20727632.200297773 3656016.169295551
20727632.210297771 3656016.036095551
20727632.220297772 3656015.902895551
20727632.230297770 3656015.769695551
20727632.240297772 3656015.636495551
20727632.250297770 3656015.503295551
20727632.260297772 3656015.370095551
20727632.270297773 3656015.236895551
20727632.280297771 3656015.103695551
20727632.290297773 3656014.970495551
20727632.300297771 3656014.837295551
20727632.310297772 3656014.704095551
20727632.320297770 3656014.570895551
20727632.330297772 3656014.437695551
20727632.340297770 3656014.304495551
20727632.350297771 3656014.171295551
20727632.360297773 3656014.038095551
20727632.370297771 3656013.904895551
20727632.380297773 3656013.771695551
20727632.390297771 3656013.638495551
20727632.400297772 3656013.505295551
20727632.410297770 3656013.372095551
20727632.420297772 3656013.238895551
20727632.430297770 3656013.105695551
20727632.440297771 3656012.972495551
20727632.450297773 3656012.839295551
20727632.460297771 3656012.706095551
20727632.470297772 3656012.572895551
20727632.480297770 3656012.439695551
20727632.490297772 3656012.306495551
20727632.500297770 3656012.173295551
20727632.510297772 3656012.040095551
20727632.520297773 3656011.906895551
20727632.530297771 3656011.773695551
20727632.540297773 3656011.640495551
20727632.550297771 3656011.507295551
20727632.560297772 3656011.374095551
20727632.570297770 3656011.240895551
20727632.580297772 3656011.107695551
20727632.590297770 3656010.974495551
20727632.600297771 3656010.841295551
20727632.610297773 3656010.708095551
20727632.620297771 3656010.574895551
20727632.630297773 3656010.441695551
20727632.640297771 3656010.308495551
20727632.650297772 3656010.175295551
20727632.660297770 3656010.042095551
20727632.670297772 3656009.908895551
20727632.680297770 3656009.775695551
20727632.690297771 3656009.642495551
20727632.700297773 3656009.509295551
20727632.710297771 3656009.376095551
20727632.720297772 3656009.242895551
20727632.730297770 3656009.109695551
20727632.740297772 3656008.976495551
20727632.750297770 3656008.843295551
20727632.760297772 3656008.710095551
20727632.770297773 3656008.576895551
20727632.780297771 3656008.443695551
20727632.790297773 3656008.310495551
20727632.800297771 3656008.177295551
20727632.810297772 3656008.044095551
20727632.820297770 3656007.910895551
20727632.830297772 3656007.777695551
20727632.840297770 3656007.644495551
20727632.850297771 3656007.511295551
20727632.860297773 3656007.378095551
20727632.870297771 3656007.244895551
20727632.880297773 3656007.111695551
20727632.890297771 3656006.978495551
20727632.900297772 3656006.845295551
20727632.910297770 3656006.712095551
20727632.920297772 3656006.578895551
20727632.930297770 3656006.445695551
20727632.940297771 3656006.312495551
20727632.950297773 3656006.179295551
20727632.960297771 3656006.046095551
20727632.970297772 3656005.912895551
20727632.980297770 3656005.779695551
20727632.990297772 3656005.646495551
20727633.000297770 3656005.513295551
20727633.010297772 3656005.380095551
20727633.020297773 3656005.246895551
20727633.030297771 3656005.113695551
20727633.040297773 3656004.980495551
20727633.050297771 3656004.847295551
20727633.060297772 3656004.714095551
20727633.070297770 3656004.580895551
20727633.080297772 3656004.447695551
20727633.090297770 3656004.314495551
20727633.100297771 3656004.181295551
20727633.110297773 3656004.048095551
20727633.120297771 3656003.914895551
20727633.130297773 3656003.781695551
20727633.140297771 3656003.648495551
20727633.150297772 3656003.515295551
20727633.160297770 3656003.382095551
20727633.170297772 3656003.248895551
20727633.180297770 3656003.115695551
20727633.190297771 3656002.982495551
20727633.200297773 3656002.849295551
20727633.210297771 3656002.716095551
20727633.220297772 3656002.582895551
20727633.230297770 3656002.449695551
20727633.240297772 3656002.316495551
20727633.250297770 3656002.183295551
20727633.260297772 3656002.050095551
20727633.270297773 3656001.916895551
20727633.280297771 3656001.783695551
20727633.290297773 3656001.650495551
20727633.300297771 3656001.517295551
20727633.310297772 3656001.384095551
20727633.320297770 3656001.250895551
20727633.330297772 3656001.117695551
20727633.340297770 3656000.984495551
20727633.350297771 3656000.851295551
20727633.360297773 3656000.718095551
20727633.370297771 3656000.584895551
20727633.380297773 3656000.451695551
20727633.390297771 3656000.318495551
20727633.400297772 3656000.185295551
20727633.410297770 3656000.052095551
20727633.420297772 3655999.918895551
20727633.430297770 3655999.785695551
20727633.440297771 3655999.652495551
20727633.450297773 3655999.519295551
20727633.460297771 3655999.386095551
20727633.470297772 3655999.252895551
20727633.480297770 3655999.119695551
20727633.490297772 3655998.986495551
20727633.500297770 3655998.853295551
20727633.510297772 3655998.720095551
20727633.520297773 3655998.586895551
20727633.530297771 3655998.453695551
20727633.540297773 3655998.320495551
20727633.550297771 3655998.187295551
20727633.560297772 3655998.054095551
20727633.570297770 3655997.920895551
20727633.580297772 3655997.787695551
20727633.590297770 3655997.654495551
20727633.600297771 3655997.521295551
20727633.610297773 3655997.388095551
20727633.620297771 3655997.254895551
20727633.630297773 3655997.121695551
20727633.640297771 3655996.988495551
20727633.650297772 3655996.855295551
20727633.660297770 3655996.722095551
20727633.670297772 3655996.588895551
20727633.680297770 3655996.455695551
20727633.690297771 3655996.322495551
20727633.700297773 3655996.189295551
20727633.710297771 3655996.056095551
20727633.720297772 3655995.922895551
20727633.730297770 3655995.789695551
20727633.740297772 3655995.656495551
20727633.750297770 3655995.523295551
20727633.760297772 3655995.390095551
20727633.770297773 3655995.256895551
20727633.780297771 3655995.123695551
20727633.790297773 3655994.990495551
20727633.800297771 3655994.857295551
20727633.810297772 3655994.724095551
20727633.820297770 3655994.590895551
20727633.830297772 3655994.457695551
20727633.840297770 3655994.324495551
20727633.850297771 3655994.191295551
20727633.860297773 3655994.058095551
20727633.870297771 3655993.924895551
20727633.880297773 3655993.791695551
20727633.890297771 3655993.658495551
20727633.900297772 3655993.525295551
20727633.910297770 3655993.392095551
20727633.920297772 3655993.258895551
20727633.930297770 3655993.125695551
20727633.940297771 3655992.992495551
20727633.950297773 3655992.859295551
20727633.960297771 3655992.726095551
20727633.970297772 3655992.592895551
20727633.980297770 3655992.459695551
20727633.990297772 3655992.326495551
20727634.000297770 3655992.193295551
20727634.010297772 3655992.060095551
20727634.020297773 3655991.926895551
20727634.030297771 3655991.793695551
20727634.040297773 3655991.660495551
20727634.050297771 3655991.527295551
20727634.060297772 3655991.394095551
20727634.070297770 3655991.260895551
20727634.080297772 3655991.127695551
20727634.090297770 3655990.994495551
20727634.100297771 3655990.861295551
20727634.110297773 3655990.728095551
20727634.120297771 3655990.594895551
20727634.130297773 3655990.461695551
20727634.140297771 3655990.328495551
20727634.150297772 3655990.195295551
20727634.160297770 3655990.062095551
20727634.170297772 3655989.928895551
20727634.180297770 3655989.795695551
20727634.190297771 3655989.662495551
20727634.200297773 3655989.529295551
20727634.210297771 3655989.396095551
20727634.220297772 3655989.262895551
20727634.230297770 3655989.129695551
20727634.240297772 3655988.996495551
20727634.250297770 3655988.863295551
20727634.260297772 3655988.730095551
20727634.270297773 3655988.596895551
20727634.280297771 3655988.463695551
20727634.290297773 3655988.330495551
20727634.300297771 3655988.197295551
20727634.310297772 3655988.064095551
20727634.320297770 3655987.930895551
20727634.330297772 3655987.797695551
20727634.340297770 3655987.664495551
20727634.350297771 3655987.531295551
20727634.360297773 3655987.398095551
20727634.370297771 3655987.264895551
20727634.380297773 3655987.131695551
20727634.390297771 3655986.998495551
20727634.400297772 3655986.865295551
20727634.410297770 3655986.732095551
20727634.420297772 3655986.598895551
20727634.430297770 3655986.465695551
20727634.440297771 3655986.332495551
20727634.450297773 3655986.199295551
20727634.460297771 3655986.066095551
20727634.470297772 3655985.932895551
20727634.480297770 3655985.799695551
20727634.490297772 3655985.666495551
20727634.500297770 3655985.533295551
20727634.510297772 3655985.400095551
20727634.520297773 3655985.266895551
20727634.530297771 3655985.133695551
20727634.540297773 3655985.000495551
20727634.550297771 3655984.867295551
20727634.560297772 3655984.734095551
20727634.570297770 3655984.600895551
20727634.580297772 3655984.467695551
20727634.590297770 3655984.334495551
20727634.600297771 3655984.201295551
20727634.610297773 3655984.068095551
20727634.620297771 3655983.934895551
20727634.630297773 3655983.801695551
20727634.640297771 3655983.668495551
20727634.650297772 3655983.535295551
20727634.660297770 3655983.402095551
20727634.670297772 3655983.268895551
20727634.680297770 3655983.135695551
20727634.690297771 3655983.002495551
20727634.700297773 3655982.869295551
20727634.710297771 3655982.736095551
20727634.720297772 3655982.602895551
20727634.730297770 3655982.469695551
20727634.740297772 3655982.336495551
20727634.750297770 3655982.203295551
20727634.760297772 3655982.070095551
20727634.770297773 3655981.936895551
20727634.780297771 3655981.803695551
20727634.790297773 3655981.670495551
20727634.800297771 3655981.537295551
20727634.810297772 3655981.404095551
20727634.820297770 3655981.270895551
20727634.830297772 3655981.137695551
20727634.840297770 3655981.004495551
20727634.850297771 3655980.871295551
20727634.860297773 3655980.738095551
20727634.870297771 3655980.604895551
20727634.880297773 3655980.471695551
20727634.890297771 3655980.338495551
20727634.900297772 3655980.205295551
20727634.910297770 3655980.072095551
20727634.920297772 3655979.938895551
20727634.930297770 3655979.805695551
20727634.940297771 3655979.672495551
20727634.950297773 3655979.539295551
20727634.960297771 3655979.406095551
20727634.970297772 3655979.272895551
20727634.980297770 3655979.139695551
20727634.990297772 3655979.006495551
20727635.000297770 3655978.873295551
20727635.010297772 3655978.740095551
20727635.020297773 3655978.606895551
20727635.030297771 3655978.473695551
20727635.040297773 3655978.340495551
20727635.050297771 3655978.207295551
20727635.060297772 3655978.074095551
20727635.070297770 3655977.940895551
20727635.080297772 3655977.807695551
20727635.090297770 3655977.674495551
20727635.100297771 3655977.541295551
20727635.110297773 3655977.408095551
20727635.120297771 3655977.274895551
20727635.130297773 3655977.141695551
20727635.140297771 3655977.008495551
20727635.150297772 3655976.875295551
20727635.160297770 3655976.742095551
20727635.170297772 3655976.608895551
20727635.180297770 3655976.475695551
20727635.190297771 3655976.342495551
20727635.200297773 3655976.209295551
20727635.210297771 3655976.076095551
20727635.220297772 3655975.942895551
20727635.230297770 3655975.809695551
20727635.240297772 3655975.676495551
20727635.250297770 3655975.543295551
20727635.260297772 3655975.410095551
20727635.270297773 3655975.276895551
20727635.280297771 3655975.143695551
20727635.290297773 3655975.010495551
20727635.300297771 3655974.877295551
20727635.310297772 3655974.744095551
20727635.320297770 3655974.610895551
20727635.330297772 3655974.477695551
20727635.340297770 3655974.344495551
20727635.350297771 3655974.211295551
20727635.360297773 3655974.078095551
20727635.370297771 3655973.944895551
20727635.380297773 3655973.811695551
20727635.390297771 3655973.678495551
20727635.400297772 3655973.545295551
20727635.410297770 3655973.412095551
20727635.420297772 3655973.278895551
20727635.430297770 3655973.145695551
20727635.440297771 3655973.012495551
20727635.450297773 3655972.879295551
20727635.460297771 3655972.746095551
20727635.470297772 3655972.612895551
20727635.480297770 3655972.479695551
20727635.490297772 3655972.346495551
20727635.500297770 3655972.213295551
20727635.510297772 3655972.080095551
20727635.520297773 3655971.946895551
20727635.530297771 3655971.813695551
20727635.540297773 3655971.680495551
20727635.550297771 3655971.547295551
20727635.560297772 3655971.414095551
20727635.570297770 3655971.280895551
20727635.580297772 3655971.147695551
20727635.590297770 3655971.014495551
20727635.600297771 3655970.881295551
20727635.610297773 3655970.748095551
20727635.620297771 3655970.614895551
20727635.630297773 3655970.481695551
20727635.640297771 3655970.348495551
20727635.650297772 3655970.215295551
20727635.660297770 3655970.082095551
20727635.670297772 3655969.948895551
20727635.680297770 3655969.815695551
20727635.690297771 3655969.682495551
20727635.700297773 3655969.549295551
20727635.710297771 3655969.416095551
20727635.720297772 3655969.282895551
20727635.730297770 3655969.149695551
20727635.740297772 3655969.016495551
20727635.750297770 3655968.883295551
20727635.760297772 3655968.750095551
20727635.770297773 3655968.616895551
20727635.780297771 3655968.483695551
20727635.790297773 3655968.350495551
20727635.800297771 3655968.217295551
20727635.810297772 3655968.084095551
20727635.820297770 3655967.950895551
20727635.830297772 3655967.817695551
20727635.840297770 3655967.684495551
20727635.850297771 3655967.551295551
20727635.860297773 3655967.418095551
20727635.870297771 3655967.284895551
20727635.880297773 3655967.151695551
20727635.890297771 3655967.018495551
20727635.900297772 3655966.885295551
20727635.910297770 3655966.752095551
20727635.920297772 3655966.618895551
20727635.930297770 3655966.485695551
20727635.940297771 3655966.352495551
20727635.950297773 3655966.219295551
20727635.960297771 3655966.086095551
20727635.970297772 3655965.952895551
20727635.980297770 3655965.819695551
20727635.990297772 3655965.686495551
20727636.000297770 3655965.553295551
20727636.010297772 3655965.420095551
20727636.020297773 3655965.286895551
20727636.030297771 3655965.153695551
20727636.040297773 3655965.020495551
20727636.050297771 3655964.887295551
20727636.060297772 3655964.754095551
20727636.070297770 3655964.620895551
20727636.080297772 3655964.487695551
20727636.090297770 3655964.354495551
20727636.100297771 3655964.221295551
20727636.110297773 3655964.088095551
20727636.120297771 3655963.954895551
20727636.130297773 3655963.821695551
20727636.140297771 3655963.688495551
20727636.150297772 3655963.555295551
20727636.160297770 3655963.422095551
20727636.170297772 3655963.288895551
20727636.180297770 3655963.155695551
20727636.190297771 3655963.022495551
20727636.200297773 3655962.889295551
20727636.210297771 3655962.756095551
20727636.220297772 3655962.622895551
20727636.230297770 3655962.489695551
20727636.240297772 3655962.356495551
20727636.250297770 3655962.223295551
20727636.260297772 3655962.090095551
20727636.270297773 3655961.956895551
20727636.280297771 3655961.823695551
20727636.290297773 3655961.690495551
20727636.300297771 3655961.557295551
20727636.310297772 3655961.424095551
20727636.320297770 3655961.290895551
20727636.330297772 3655961.157695551
20727636.340297770 3655961.024495551
20727636.350297771 3655960.891295551
20727636.360297773 3655960.758095551
20727636.370297771 3655960.624895551
20727636.380297773 3655960.491695551
20727636.390297771 3655960.358495551
20727636.400297772 3655960.225295551
20727636.410297770 3655960.092095551
20727636.420297772 3655959.958895551
20727636.430297770 3655959.825695551
20727636.440297771 3655959.692495551
20727636.450297773 3655959.559295551
20727636.460297771 3655959.426095551
20727636.470297772 3655959.292895551
20727636.480297770 3655959.159695551
20727636.490297772 3655959.026495551
20727636.500297770 3655958.893295551
20727636.510297772 3655958.760095551
20727636.520297773 3655958.626895551
20727636.530297771 3655958.493695551
20727636.540297773 3655958.360495551
20727636.550297771 3655958.227295551
20727636.560297772 3655958.094095551
20727636.570297770 3655957.960895551
20727636.580297772 3655957.827695551
20727636.590297770 3655957.694495551
20727636.600297771 3655957.561295551
20727636.610297773 3655957.428095551
20727636.620297771 3655957.294895551
20727636.630297773 3655957.161695551
20727636.640297771 3655957.028495551
20727636.650297772 3655956.895295551
20727636.660297770 3655956.762095551
20727636.670297772 3655956.628895551
20727636.680297770 3655956.495695551
20727636.690297771 3655956.362495551
20727636.700297773 3655956.229295551
20727636.710297771 3655956.096095551
20727636.720297772 3655955.962895551
20727636.730297770 3655955.829695551
20727636.740297772 3655955.696495551
20727636.750297770 3655955.563295551
20727636.760297772 3655955.430095551
20727636.770297773 3655955.296895551
20727636.780297771 3655955.163695551
20727636.790297773 3655955.030495551
20727636.800297771 3655954.897295551
20727636.810297772 3655954.764095551
20727636.820297770 3655954.630895551
20727636.830297772 3655954.497695551
20727636.840297770 3655954.364495551
20727636.850297771 3655954.231295551
20727636.860297773 3655954.098095551
20727636.870297771 3655953.964895551
20727636.880297773 3655953.831695551
20727636.890297771 3655953.698495551
20727636.900297772 3655953.565295551
20727636.910297770 3655953.432095551
20727636.920297772 3655953.298895551
20727636.930297770 3655953.165695551
20727636.940297771 3655953.032495551
20727636.950297773 3655952.899295551
20727636.960297771 3655952.766095551
20727636.970297772 3655952.632895551
20727636.980297770 3655952.499695551
20727636.990297772 3655952.366495551
20727637.000297770 3655952.233295551
20727637.010297772 3655952.100095551
20727637.020297773 3655951.966895551
20727637.030297771 3655951.833695551
20727637.040297773 3655951.700495551
20727637.050297771 3655951.567295551
20727637.060297772 3655951.434095551
20727637.070297770 3655951.300895551
20727637.080297772 3655951.167695551
20727637.090297770 3655951.034495551
20727637.100297771 3655950.901295551
