20727612.195597772 3656082.316895551
20727612.205597773 3656082.183695551
20727612.215597771 3656082.050495551
20727612.225597773 3656081.917295551
20727612.235597771 3656081.784095551
20727612.245597772 3656081.650895551
20727612.255597770 3656081.517695551
20727612.265597772 3656081.384495551
20727612.275597770 3656081.251295551
20727612.285597771 3656081.118095551
20727612.295597773 3656080.984895551
20727612.305597771 3656080.851695551
20727612.315597773 3656080.718495551
20727612.325597771 3656080.585295551
20727612.335597772 3656080.452095551
20727612.345597770 3656080.318895551
20727612.355597772 3656080.185695551
20727612.365597773 3656080.052495551
20727612.375597771 3656079.919295551
20727612.385597773 3656079.786095551
20727612.395597771 3656079.652895551
20727612.405597772 3656079.519695551
20727612.415597770 3656079.386495551
20727612.425597772 3656079.253295551
20727612.435597770 3656079.120095551
20727612.445597772 3656078.986895551
20727612.455597773 3656078.853695551
20727612.465597771 3656078.720495551
20727612.475597773 3656078.587295551
20727612.485597771 3656078.454095551
20727612.495597772 3656078.320895551
20727612.505597770 3656078.187695551
20727612.515597772 3656078.054495551
20727612.525597770 3656077.921295551
20727612.535597771 3656077.788095551
20727612.545597773 3656077.654895551
20727612.555597771 3656077.521695551
20727612.565597773 3656077.388495551
20727612.575597771 3656077.255295551
20727612.585597772 3656077.122095551
20727612.595597770 3656076.988895551
20727612.605597772 3656076.855695551
20727612.615597773 3656076.722495551
20727612.625597771 3656076.589295551
20727612.635597773 3656076.456095551
20727612.645597771 3656076.322895551
20727612.655597772 3656076.189695551
20727612.665597770 3656076.056495551
20727612.675597772 3656075.923295551
20727612.685597770 3656075.790095551
20727612.695597772 3656075.656895551
20727612.705597773 3656075.523695551
20727612.715597771 3656075.390495551
20727612.725597773 3656075.257295551
20727612.735597771 3656075.124095551
20727612.745597772 3656074.990895551
20727612.755597770 3656074.857695551
20727612.765597772 3656074.724495551
20727612.775597770 3656074.591295551
20727612.785597771 3656074.458095551
20727612.795597773 3656074.324895551
20727612.805597771 3656074.191695551
20727612.815597773 3656074.058495551
20727612.825597771 3656073.925295551
20727612.835597772 3656073.792095551
20727612.845597770 3656073.658895551
20727612.855597772 3656073.525695551
20727612.865597773 3656073.392495551
20727612.875597771 3656073.259295551
20727612.885597773 3656073.126095551
20727612.895597771 3656072.992895551
20727612.905597772 3656072.859695551
20727612.915597770 3656072.726495551
20727612.925597772 3656072.593295551
20727612.935597770 3656072.460095551
20727612.945597772 3656072.326895551
20727612.955597773 3656072.193695551
20727612.965597771 3656072.060495551
20727612.975597773 3656071.927295551
20727612.985597771 3656071.794095551
20727612.995597772 3656071.660895551
20727613.005597770 3656071.527695551
20727613.015597772 3656071.394495551
20727613.025597770 3656071.261295551
20727613.035597771 3656071.128095551
20727613.045597773 3656070.994895551
20727613.055597771 3656070.861695551
20727613.065597773 3656070.728495551
20727613.075597771 3656070.595295551
20727613.085597772 3656070.462095551
20727613.095597770 3656070.328895551
20727613.105597772 3656070.195695551
20727613.115597773 3656070.062495551
20727613.125597771 3656069.929295551
20727613.135597773 3656069.796095551
20727613.145597771 3656069.662895551
20727613.155597772 3656069.529695551
20727613.165597770 3656069.396495551
20727613.175597772 3656069.263295551
20727613.185597770 3656069.130095551
20727613.195597772 3656068.996895551
20727613.205597773 3656068.863695551
20727613.215597771 3656068.730495551
20727613.225597773 3656068.597295551
20727613.235597771 3656068.464095551
20727613.245597772 3656068.330895551
20727613.255597770 3656068.197695551
20727613.265597772 3656068.064495551
20727613.275597770 3656067.931295551
20727613.285597771 3656067.798095551
20727613.295597773 3656067.664895551
20727613.305597771 3656067.531695551
20727613.315597773 3656067.398495551
20727613.325597771 3656067.265295551
20727613.335597772 3656067.132095551
20727613.345597770 3656066.998895551
20727613.355597772 3656066.865695551
20727613.365597773 3656066.732495551
20727613.375597771 3656066.599295551
20727613.385597773 3656066.466095551
20727613.395597771 3656066.332895551
20727613.405597772 3656066.199695551
20727613.415597770 3656066.066495551
20727613.425597772 3656065.933295551
20727613.435597770 3656065.800095551
20727613.445597772 3656065.666895551
20727613.455597773 3656065.533695551
20727613.465597771 3656065.400495551
20727613.475597773 3656065.267295551
20727613.485597771 3656065.134095551
20727613.495597772 3656065.000895551
20727613.505597770 3656064.867695551
20727613.515597772 3656064.734495551
20727613.525597770 3656064.601295551
20727613.535597771 3656064.468095551
20727613.545597773 3656064.334895551
20727613.555597771 3656064.201695551
20727613.565597773 3656064.068495551
20727613.575597771 3656063.935295551
20727613.585597772 3656063.802095551
20727613.595597770 3656063.668895551
20727613.605597772 3656063.535695551
20727613.615597773 3656063.402495551
20727613.625597771 3656063.269295551
20727613.635597773 3656063.136095551
20727613.645597771 3656063.002895551
20727613.655597772 3656062.869695551
20727613.665597770 3656062.736495551
20727613.675597772 3656062.603295551
20727613.685597770 3656062.470095551
20727613.695597772 3656062.336895551
20727613.705597773 3656062.203695551
20727613.715597771 3656062.070495551
20727613.725597773 3656061.937295551
20727613.735597771 3656061.804095551
20727613.745597772 3656061.670895551
20727613.755597770 3656061.537695551
20727613.765597772 3656061.404495551
20727613.775597770 3656061.271295551
20727613.785597771 3656061.138095551
20727613.795597773 3656061.004895551
20727613.805597771 3656060.871695551
20727613.815597773 3656060.738495551
20727613.825597771 3656060.605295551
20727613.835597772 3656060.472095551
20727613.845597770 3656060.338895551
20727613.855597772 3656060.205695551
20727613.865597773 3656060.072495551
20727613.875597771 3656059.939295551
20727613.885597773 3656059.806095551
20727613.895597771 3656059.672895551
20727613.905597772 3656059.539695551
20727613.915597770 3656059.406495551
20727613.925597772 3656059.273295551
20727613.935597770 3656059.140095551
20727613.945597772 3656059.006895551
20727613.955597773 3656058.873695551
20727613.965597771 3656058.740495551
20727613.975597773 3656058.607295551
20727613.985597771 3656058.474095551
20727613.995597772 3656058.340895551
20727614.005597770 3656058.207695551
20727614.015597772 3656058.074495551
20727614.025597770 3656057.941295551
20727614.035597771 3656057.808095551
20727614.045597773 3656057.674895551
20727614.055597771 3656057.541695551
20727614.065597773 3656057.408495551
20727614.075597771 3656057.275295551
20727614.085597772 3656057.142095551
20727614.095597770 3656057.008895551
20727614.105597772 3656056.875695551
20727614.115597773 3656056.742495551
20727614.125597771 3656056.609295551
20727614.135597773 3656056.476095551
20727614.145597771 3656056.342895551
20727614.155597772 3656056.209695551
20727614.165597770 3656056.076495551
20727614.175597772 3656055.943295551
20727614.185597770 3656055.810095551
20727614.195597772 3656055.676895551
20727614.205597773 3656055.543695551
20727614.215597771 3656055.410495551
20727614.225597773 3656055.277295551
20727614.235597771 3656055.144095551
20727614.245597772 3656055.010895551
20727614.255597770 3656054.877695551
20727614.265597772 3656054.744495551
20727614.275597770 3656054.611295551
20727614.285597771 3656054.478095551
20727614.295597773 3656054.344895551
20727614.305597771 3656054.211695551
20727614.315597773 3656054.078495551
20727614.325597771 3656053.945295551
20727614.335597772 3656053.812095551
20727614.345597770 3656053.678895551
20727614.355597772 3656053.545695551
20727614.365597773 3656053.412495551
20727614.375597771 3656053.279295551
20727614.385597773 3656053.146095551
20727614.395597771 3656053.012895551
20727614.405597772 3656052.879695551
20727614.415597770 3656052.746495551
20727614.425597772 3656052.613295551
20727614.435597770 3656052.480095551
20727614.445597772 3656052.346895551
20727614.455597773 3656052.213695551
20727614.465597771 3656052.080495551
20727614.475597773 3656051.947295551
20727614.485597771 3656051.814095551
20727614.495597772 3656051.680895551
20727614.505597770 3656051.547695551
20727614.515597772 3656051.414495551
20727614.525597770 3656051.281295551
20727614.535597771 3656051.148095551
20727614.545597773 3656051.014895551
20727614.555597771 3656050.881695551
20727614.565597773 3656050.748495551
20727614.575597771 3656050.615295551
20727614.585597772 3656050.482095551
20727614.595597770 3656050.348895551
20727614.605597772 3656050.215695551
20727614.615597773 3656050.082495551
20727614.625597771 3656049.949295551
20727614.635597773 3656049.816095551
20727614.645597771 3656049.682895551
20727614.655597772 3656049.549695551
20727614.665597770 3656049.416495551
20727614.675597772 3656049.283295551
20727614.685597770 3656049.150095551
20727614.695597772 3656049.016895551
20727614.705597773 3656048.883695551
20727614.715597771 3656048.750495551
20727614.725597773 3656048.617295551
20727614.735597771 3656048.484095551
20727614.745597772 3656048.350895551
20727614.755597770 3656048.217695551
20727614.765597772 3656048.084495551
20727614.775597770 3656047.951295551
20727614.785597771 3656047.818095551
20727614.795597773 3656047.684895551
20727614.805597771 3656047.551695551
20727614.815597773 3656047.418495551
20727614.825597771 3656047.285295551
20727614.835597772 3656047.152095551
20727614.845597770 3656047.018895551
20727614.855597772 3656046.885695551
20727614.865597773 3656046.752495551
20727614.875597771 3656046.619295551
20727614.885597773 3656046.486095551
20727614.895597771 3656046.352895551
20727614.905597772 3656046.219695551
20727614.915597770 3656046.086495551
20727614.925597772 3656045.953295551
20727614.935597770 3656045.820095551
20727614.945597772 3656045.686895551
20727614.955597773 3656045.553695551
20727614.965597771 3656045.420495551
20727614.975597773 3656045.287295551
20727614.985597771 3656045.154095551
20727614.995597772 3656045.020895551
20727615.005597770 3656044.887695551
20727615.015597772 3656044.754495551
20727615.025597770 3656044.621295551
20727615.035597771 3656044.488095551
20727615.045597773 3656044.354895551
20727615.055597771 3656044.221695551
20727615.065597773 3656044.088495551
20727615.075597771 3656043.955295551
20727615.085597772 3656043.822095551
20727615.095597770 3656043.688895551
20727615.105597772 3656043.555695551
20727615.115597773 3656043.422495551
20727615.125597771 3656043.289295551
20727615.135597773 3656043.156095551
20727615.145597771 3656043.022895551
20727615.155597772 3656042.889695551
20727615.165597770 3656042.756495551
20727615.175597772 3656042.623295551
20727615.185597770 3656042.490095551
20727615.195597772 3656042.356895551
20727615.205597773 3656042.223695551
20727615.215597771 3656042.090495551
20727615.225597773 3656041.957295551
20727615.235597771 3656041.824095551
20727615.245597772 3656041.690895551
20727615.255597770 3656041.557695551
20727615.265597772 3656041.424495551
20727615.275597770 3656041.291295551
20727615.285597771 3656041.158095551
20727615.295597773 3656041.024895551
20727615.305597771 3656040.891695551
20727615.315597773 3656040.758495551
20727615.325597771 3656040.625295551
20727615.335597772 3656040.492095551
20727615.345597770 3656040.358895551
20727615.355597772 3656040.225695551
20727615.365597773 3656040.092495551
20727615.375597771 3656039.959295551
20727615.385597773 3656039.826095551
20727615.395597771 3656039.692895551
20727615.405597772 3656039.559695551
20727615.415597770 3656039.426495551
20727615.425597772 3656039.293295551
20727615.435597770 3656039.160095551
20727615.445597772 3656039.026895551
20727615.455597773 3656038.893695551
20727615.465597771 3656038.760495551
20727615.475597773 3656038.627295551
20727615.485597771 3656038.494095551
20727615.495597772 3656038.360895551
20727615.505597770 3656038.227695551
20727615.515597772 3656038.094495551
20727615.525597770 3656037.961295551
20727615.535597771 3656037.828095551
20727615.545597773 3656037.694895551
20727615.555597771 3656037.561695551
20727615.565597773 3656037.428495551
20727615.575597771 3656037.295295551
20727615.585597772 3656037.162095551
20727615.595597770 3656037.028895551
20727615.605597772 3656036.895695551
20727615.615597773 3656036.762495551
20727615.625597771 3656036.629295551
20727615.635597773 3656036.496095551
20727615.645597771 3656036.362895551
20727615.655597772 3656036.229695551
20727615.665597770 3656036.096495551
20727615.675597772 3656035.963295551
20727615.685597770 3656035.830095551
20727615.695597772 3656035.696895551
20727615.705597773 3656035.563695551
20727615.715597771 3656035.430495551
20727615.725597773 3656035.297295551
20727615.735597771 3656035.164095551
20727615.745597772 3656035.030895551
20727615.755597770 3656034.897695551
20727615.765597772 3656034.764495551
20727615.775597770 3656034.631295551
20727615.785597771 3656034.498095551
20727615.795597773 3656034.364895551
20727615.805597771 3656034.231695551
20727615.815597773 3656034.098495551
20727615.825597771 3656033.965295551
20727615.835597772 3656033.832095551
20727615.845597770 3656033.698895551
20727615.855597772 3656033.565695551
20727615.865597773 3656033.432495551
20727615.875597771 3656033.299295551
20727615.885597773 3656033.166095551
20727615.895597771 3656033.032895551
20727615.905597772 3656032.899695551
20727615.915597770 3656032.766495551
20727615.925597772 3656032.633295551
20727615.935597770 3656032.500095551
20727615.945597772 3656032.366895551
20727615.955597773 3656032.233695551
20727615.965597771 3656032.100495551
20727615.975597773 3656031.967295551
20727615.985597771 3656031.834095551
20727615.995597772 3656031.700895551
20727616.005597770 3656031.567695551
20727616.015597772 3656031.434495551
20727616.025597770 3656031.301295551
20727616.035597771 3656031.168095551
20727616.045597773 3656031.034895551
20727616.055597771 3656030.901695551
20727616.065597773 3656030.768495551
20727616.075597771 3656030.635295551
20727616.085597772 3656030.502095551
20727616.095597770 3656030.368895551
20727616.105597772 3656030.235695551
20727616.115597773 3656030.102495551
20727616.125597771 3656029.969295551
20727616.135597773 3656029.836095551
20727616.145597771 3656029.702895551
20727616.155597772 3656029.569695551
20727616.165597770 3656029.436495551
20727616.175597772 3656029.303295551
20727616.185597770 3656029.170095551
20727616.195597772 3656029.036895551
20727616.205597773 3656028.903695551
20727616.215597771 3656028.770495551
20727616.225597773 3656028.637295551
20727616.235597771 3656028.504095551
20727616.245597772 3656028.370895551
20727616.255597770 3656028.237695551
20727616.265597772 3656028.104495551
20727616.275597770 3656027.971295551
20727616.285597771 3656027.838095551
20727616.295597773 3656027.704895551
20727616.305597771 3656027.571695551
20727616.315597773 3656027.438495551
20727616.325597771 3656027.305295551
20727616.335597772 3656027.172095551
20727616.345597770 3656027.038895551
20727616.355597772 3656026.905695551
20727616.365597773 3656026.772495551
20727616.375597771 3656026.639295551
20727616.385597773 3656026.506095551
20727616.395597771 3656026.372895551
20727616.405597772 3656026.239695551
20727616.415597770 3656026.106495551
20727616.425597772 3656025.973295551
20727616.435597770 3656025.840095551
20727616.445597772 3656025.706895551
20727616.455597773 3656025.573695551
20727616.465597771 3656025.440495551
20727616.475597773 3656025.307295551
20727616.485597771 3656025.174095551
20727616.495597772 3656025.040895551
20727616.505597770 3656024.907695551
20727616.515597772 3656024.774495551
20727616.525597770 3656024.641295551
20727616.535597771 3656024.508095551
20727616.545597773 3656024.374895551
20727616.555597771 3656024.241695551
20727616.565597773 3656024.108495551
20727616.575597771 3656023.975295551
20727616.585597772 3656023.842095551
20727616.595597770 3656023.708895551
20727616.605597772 3656023.575695551
20727616.615597773 3656023.442495551
20727616.625597771 3656023.309295551
20727616.635597773 3656023.176095551
20727616.645597771 3656023.042895551
20727616.655597772 3656022.909695551
20727616.665597770 3656022.776495551
20727616.675597772 3656022.643295551
20727616.685597770 3656022.510095551
20727616.695597772 3656022.376895551
20727616.705597773 3656022.243695551
20727616.715597771 3656022.110495551
20727616.725597773 3656021.977295551
20727616.735597771 3656021.844095551
20727616.745597772 3656021.710895551
20727616.755597770 3656021.577695551
20727616.765597772 3656021.444495551
20727616.775597770 3656021.311295551
20727616.785597771 3656021.178095551
20727616.795597773 3656021.044895551
20727616.805597771 3656020.911695551
20727616.815597773 3656020.778495551
20727616.825597771 3656020.645295551
20727616.835597772 3656020.512095551
20727616.845597770 3656020.378895551
20727616.855597772 3656020.245695551
20727616.865597773 3656020.112495551
20727616.875597771 3656019.979295551
20727616.885597773 3656019.846095551
20727616.895597771 3656019.712895551
20727616.905597772 3656019.579695551
20727616.915597770 3656019.446495551
20727616.925597772 3656019.313295551
20727616.935597770 3656019.180095551
20727616.945597772 3656019.046895551
20727616.955597773 3656018.913695551
20727616.965597771 3656018.780495551
20727616.975597773 3656018.647295551
20727616.985597771 3656018.514095551
20727616.995597772 3656018.380895551
20727617.005597770 3656018.247695551
20727617.015597772 3656018.114495551
20727617.025597770 3656017.981295551
20727617.035597771 3656017.848095551
20727617.045597773 3656017.714895551
20727617.055597771 3656017.581695551
20727617.065597773 3656017.448495551
20727617.075597771 3656017.315295551
20727617.085597772 3656017.182095551
20727617.095597770 3656017.048895551
20727617.105597772 3656016.915695551
20727617.115597773 3656016.782495551
20727617.125597771 3656016.649295551
20727617.135597773 3656016.516095551
20727617.145597771 3656016.382895551
20727617.155597772 3656016.249695551
20727617.165597770 3656016.116495551
20727617.175597772 3656015.983295551
20727617.185597770 3656015.850095551
20727617.195597772 3656015.716895551
20727617.205597773 3656015.583695551
20727617.215597771 3656015.450495551
20727617.225597773 3656015.317295551
20727617.235597771 3656015.184095551
20727617.245597772 3656015.050895551
20727617.255597770 3656014.917695551
20727617.265597772 3656014.784495551
20727617.275597770 3656014.651295551
20727617.285597771 3656014.518095551
20727617.295597773 3656014.384895551
20727617.305597771 3656014.251695551
20727617.315597773 3656014.118495551
20727617.325597771 3656013.985295551
20727617.335597772 3656013.852095551
20727617.345597770 3656013.718895551
20727617.355597772 3656013.585695551
20727617.365597773 3656013.452495551
20727617.375597771 3656013.319295551
20727617.385597773 3656013.186095551
20727617.395597771 3656013.052895551
20727617.405597772 3656012.919695551
20727617.415597770 3656012.786495551
20727617.425597772 3656012.653295551
20727617.435597770 3656012.520095551
20727617.445597772 3656012.386895551
20727617.455597773 3656012.253695551
20727617.465597771 3656012.120495551
20727617.475597773 3656011.987295551
20727617.485597771 3656011.854095551
20727617.495597772 3656011.720895551
20727617.505597770 3656011.587695551
20727617.515597772 3656011.454495551
20727617.525597770 3656011.321295551
20727617.535597771 3656011.188095551
20727617.545597773 3656011.054895551
20727617.555597771 3656010.921695551
20727617.565597773 3656010.788495551
20727617.575597771 3656010.655295551
20727617.585597772 3656010.522095551
20727617.595597770 3656010.388895551
20727617.605597772 3656010.255695551
20727617.615597773 3656010.122495551
20727617.625597771 3656009.989295551
20727617.635597773 3656009.856095551
20727617.645597771 3656009.722895551
20727617.655597772 3656009.589695551
20727617.665597770 3656009.456495551
20727617.675597772 3656009.323295551
20727617.685597770 3656009.190095551
20727617.695597772 3656009.056895551
20727617.705597773 3656008.923695551
20727617.715597771 3656008.790495551
20727617.725597773 3656008.657295551
20727617.735597771 3656008.524095551
20727617.745597772 3656008.390895551
20727617.755597770 3656008.257695551
20727617.765597772 3656008.124495551
20727617.775597770 3656007.991295551
20727617.785597771 3656007.858095551
20727617.795597773 3656007.724895551
20727617.805597771 3656007.591695551
20727617.815597773 3656007.458495551
20727617.825597771 3656007.325295551
20727617.835597772 3656007.192095551
20727617.845597770 3656007.058895551
20727617.855597772 3656006.925695551
20727617.865597773 3656006.792495551
20727617.875597771 3656006.659295551
20727617.885597773 3656006.526095551
20727617.895597771 3656006.392895551
20727617.905597772 3656006.259695551
20727617.915597770 3656006.126495551
20727617.925597772 3656005.993295551
20727617.935597770 3656005.860095551
20727617.945597772 3656005.726895551
20727617.955597773 3656005.593695551
20727617.965597771 3656005.460495551
20727617.975597773 3656005.327295551
20727617.985597771 3656005.194095551
20727617.995597772 3656005.060895551
20727618.005597770 3656004.927695551
20727618.015597772 3656004.794495551
20727618.025597770 3656004.661295551
20727618.035597771 3656004.528095551
20727618.045597773 3656004.394895551
20727618.055597771 3656004.261695551
20727618.065597773 3656004.128495551
20727618.075597771 3656003.995295551
20727618.085597772 3656003.862095551
20727618.095597770 3656003.728895551
20727618.105597772 3656003.595695551
20727618.115597773 3656003.462495551
20727618.125597771 3656003.329295551
20727618.135597773 3656003.196095551
20727618.145597771 3656003.062895551
20727618.155597772 3656002.929695551
20727618.165597770 3656002.796495551
20727618.175597772 3656002.663295551
20727618.185597770 3656002.530095551
20727618.195597772 3656002.396895551
20727618.205597773 3656002.263695551
20727618.215597771 3656002.130495551
20727618.225597773 3656001.997295551
20727618.235597771 3656001.864095551
20727618.245597772 3656001.730895551
20727618.255597770 3656001.597695551
20727618.265597772 3656001.464495551
20727618.275597770 3656001.331295551
20727618.285597771 3656001.198095551
20727618.295597773 3656001.064895551
20727618.305597771 3656000.931695551
20727618.315597773 3656000.798495551
20727618.325597771 3656000.665295551
20727618.335597772 3656000.532095551
20727618.345597770 3656000.398895551
20727618.355597772 3656000.265695551
20727618.365597773 3656000.132495551
20727618.375597771 3655999.999295551
20727618.385597773 3655999.866095551
20727618.395597771 3655999.732895551
20727618.405597772 3655999.599695551
20727618.415597770 3655999.466495551
20727618.425597772 3655999.333295551
20727618.435597770 3655999.200095551
20727618.445597772 3655999.066895551
20727618.455597773 3655998.933695551
20727618.465597771 3655998.800495551
20727618.475597773 3655998.667295551
20727618.485597771 3655998.534095551
20727618.495597772 3655998.400895551
20727618.505597770 3655998.267695551
20727618.515597772 3655998.134495551
20727618.525597770 3655998.001295551
20727618.535597771 3655997.868095551
20727618.545597773 3655997.734895551
20727618.555597771 3655997.601695551
20727618.565597773 3655997.468495551
20727618.575597771 3655997.335295551
20727618.585597772 3655997.202095551
20727618.595597770 3655997.068895551
20727618.605597772 3655996.935695551
20727618.615597773 3655996.802495551
20727618.625597771 3655996.669295551
20727618.635597773 3655996.536095551
20727618.645597771 3655996.402895551
20727618.655597772 3655996.269695551
20727618.665597770 3655996.136495551
20727618.675597772 3655996.003295551
20727618.685597770 3655995.870095551
20727618.695597772 3655995.736895551
20727618.705597773 3655995.603695551
20727618.715597771 3655995.470495551
20727618.725597773 3655995.337295551
20727618.735597771 3655995.204095551
20727618.745597772 3655995.070895551
20727618.755597770 3655994.937695551
20727618.765597772 3655994.804495551
20727618.775597770 3655994.671295551
20727618.785597771 3655994.538095551
20727618.795597773 3655994.404895551
20727618.805597771 3655994.271695551
20727618.815597773 3655994.138495551
20727618.825597771 3655994.005295551
20727618.835597772 3655993.872095551
20727618.845597770 3655993.738895551
20727618.855597772 3655993.605695551
20727618.865597773 3655993.472495551
20727618.875597771 3655993.339295551
20727618.885597773 3655993.206095551
20727618.895597771 3655993.072895551
20727618.905597772 3655992.939695551
20727618.915597770 3655992.806495551
20727618.925597772 3655992.673295551
20727618.935597770 3655992.540095551
20727618.945597772 3655992.406895551
20727618.955597773 3655992.273695551
20727618.965597771 3655992.140495551
20727618.975597773 3655992.007295551
20727618.985597771 3655991.874095551
20727618.995597772 3655991.740895551
20727619.005597770 3655991.607695551
20727619.015597772 3655991.474495551
20727619.025597770 3655991.341295551
20727619.035597771 3655991.208095551
20727619.045597773 3655991.074895551
20727619.055597771 3655990.941695551
20727619.065597773 3655990.808495551
20727619.075597771 3655990.675295551
20727619.085597772 3655990.542095551
20727619.095597770 3655990.408895551
20727619.105597772 3655990.275695551
20727619.115597773 3655990.142495551
20727619.125597771 3655990.009295551
20727619.135597773 3655989.876095551
20727619.145597771 3655989.742895551
20727619.155597772 3655989.609695551
20727619.165597770 3655989.476495551
20727619.175597772 3655989.343295551
20727619.185597770 3655989.210095551
20727619.195597772 3655989.076895551
20727619.205597773 3655988.943695551
20727619.215597771 3655988.810495551
20727619.225597773 3655988.677295551
20727619.235597771 3655988.544095551
20727619.245597772 3655988.410895551
20727619.255597770 3655988.277695551
20727619.265597772 3655988.144495551
20727619.275597770 3655988.011295551
20727619.285597771 3655987.878095551
20727619.295597773 3655987.744895551
20727619.305597771 3655987.611695551
20727619.315597773 3655987.478495551
20727619.325597771 3655987.345295551
20727619.335597772 3655987.212095551
20727619.345597770 3655987.078895551
20727619.355597772 3655986.945695551
20727619.365597773 3655986.812495551
20727619.375597771 3655986.679295551
20727619.385597773 3655986.546095551
20727619.395597771 3655986.412895551
20727619.405597772 3655986.279695551
20727619.415597770 3655986.146495551
20727619.425597772 3655986.013295551
20727619.435597770 3655985.880095551
20727619.445597772 3655985.746895551
20727619.455597773 3655985.613695551
20727619.465597771 3655985.480495551
20727619.475597773 3655985.347295551
20727619.485597771 3655985.214095551
20727619.495597772 3655985.080895551
20727619.505597770 3655984.947695551
20727619.515597772 3655984.814495551
20727619.525597770 3655984.681295551
20727619.535597771 3655984.548095551
20727619.545597773 3655984.414895551
20727619.555597771 3655984.281695551
20727619.565597773 3655984.148495551
20727619.575597771 3655984.015295551
20727619.585597772 3655983.882095551
20727619.595597770 3655983.748895551
20727619.605597772 3655983.615695551
20727619.615597773 3655983.482495551
20727619.625597771 3655983.349295551
20727619.635597773 3655983.216095551
20727619.645597771 3655983.082895551
20727619.655597772 3655982.949695551
20727619.665597770 3655982.816495551
20727619.675597772 3655982.683295551
20727619.685597770 3655982.550095551
20727619.695597772 3655982.416895551
20727619.705597773 3655982.283695551
20727619.715597771 3655982.150495551
20727619.725597773 3655982.017295551
20727619.735597771 3655981.884095551
20727619.745597772 3655981.750895551
20727619.755597770 3655981.617695551
20727619.765597772 3655981.484495551
20727619.775597770 3655981.351295551
20727619.785597771 3655981.218095551
20727619.795597773 3655981.084895551
20727619.805597771 3655980.951695551
20727619.815597773 3655980.818495551
20727619.825597771 3655980.685295551
20727619.835597772 3655980.552095551
20727619.845597770 3655980.418895551
20727619.855597772 3655980.285695551
20727619.865597773 3655980.152495551
20727619.875597771 3655980.019295551
20727619.885597773 3655979.886095551
20727619.895597771 3655979.752895551
20727619.905597772 3655979.619695551
20727619.915597770 3655979.486495551
20727619.925597772 3655979.353295551
20727619.935597770 3655979.220095551
20727619.945597772 3655979.086895551
20727619.955597773 3655978.953695551
20727619.965597771 3655978.820495551
20727619.975597773 3655978.687295551
20727619.985597771 3655978.554095551
20727619.995597772 3655978.420895551
20727620.005597770 3655978.287695551
20727620.015597772 3655978.154495551
20727620.025597770 3655978.021295551
20727620.035597771 3655977.888095551
20727620.045597773 3655977.754895551
20727620.055597771 3655977.621695551
20727620.065597773 3655977.488495551
20727620.075597771 3655977.355295551
20727620.085597772 3655977.222095551
20727620.095597770 3655977.088895551
20727620.105597772 3655976.955695551
20727620.115597773 3655976.822495551
20727620.125597771 3655976.689295551
20727620.135597773 3655976.556095551
20727620.145597771 3655976.422895551
20727620.155597772 3655976.289695551
20727620.165597770 3655976.156495551
20727620.175597772 3655976.023295551
20727620.185597770 3655975.890095551
20727620.195597772 3655975.756895551
20727620.205597773 3655975.623695551
20727620.215597771 3655975.490495551
20727620.225597773 3655975.357295551
20727620.235597771 3655975.224095551
20727620.245597772 3655975.090895551
20727620.255597770 3655974.957695551
20727620.265597772 3655974.824495551
20727620.275597770 3655974.691295551
20727620.285597771 3655974.558095551
20727620.295597773 3655974.424895551
20727620.305597771 3655974.291695551
20727620.315597773 3655974.158495551
20727620.325597771 3655974.025295551
20727620.335597772 3655973.892095551
20727620.345597770 3655973.758895551
20727620.355597772 3655973.625695551
20727620.365597773 3655973.492495551
20727620.375597771 3655973.359295551
20727620.385597773 3655973.226095551
20727620.395597771 3655973.092895551
20727620.405597772 3655972.959695551
20727620.415597770 3655972.826495551
20727620.425597772 3655972.693295551
20727620.435597770 3655972.560095551
20727620.445597772 3655972.426895551
20727620.455597773 3655972.293695551
20727620.465597771 3655972.160495551
20727620.475597773 3655972.027295551
20727620.485597771 3655971.894095551
20727620.495597772 3655971.760895551
20727620.505597770 3655971.627695551
20727620.515597772 3655971.494495551
20727620.525597770 3655971.361295551
20727620.535597771 3655971.228095551
20727620.545597773 3655971.094895551
20727620.555597771 3655970.961695551
20727620.565597773 3655970.828495551
20727620.575597771 3655970.695295551
20727620.585597772 3655970.562095551
20727620.595597770 3655970.428895551
20727620.605597772 3655970.295695551
20727620.615597773 3655970.162495551
20727620.625597771 3655970.029295551
20727620.635597773 3655969.896095551
20727620.645597771 3655969.762895551
20727620.655597772 3655969.629695551
20727620.665597770 3655969.496495551
20727620.675597772 3655969.363295551
20727620.685597770 3655969.230095551
20727620.695597772 3655969.096895551
20727620.705597773 3655968.963695551
20727620.715597771 3655968.830495551
20727620.725597773 3655968.697295551
20727620.735597771 3655968.564095551
20727620.745597772 3655968.430895551
20727620.755597770 3655968.297695551
20727620.765597772 3655968.164495551
20727620.775597770 3655968.031295551
20727620.785597771 3655967.898095551
20727620.795597773 3655967.764895551
20727620.805597771 3655967.631695551
20727620.815597773 3655967.498495551
20727620.825597771 3655967.365295551
20727620.835597772 3655967.232095551
20727620.845597770 3655967.098895551
20727620.855597772 3655966.965695551
20727620.865597773 3655966.832495551
20727620.875597771 3655966.699295551
20727620.885597773 3655966.566095551
20727620.895597771 3655966.432895551
20727620.905597772 3655966.299695551
20727620.915597770 3655966.166495551
20727620.925597772 3655966.033295551
20727620.935597770 3655965.900095551
20727620.945597772 3655965.766895551
20727620.955597773 3655965.633695551
20727620.965597771 3655965.500495551
20727620.975597773 3655965.367295551
20727620.985597771 3655965.234095551
20727620.995597772 3655965.100895551
20727621.005597770 3655964.967695551
20727621.015597772 3655964.834495551
20727621.025597770 3655964.701295551
20727621.035597771 3655964.568095551
20727621.045597773 3655964.434895551
20727621.055597771 3655964.301695551
20727621.065597773 3655964.168495551
20727621.075597771 3655964.035295551
20727621.085597772 3655963.902095551
20727621.095597770 3655963.768895551
20727621.105597772 3655963.635695551
20727621.115597773 3655963.502495551
20727621.125597771 3655963.369295551
20727621.135597773 3655963.236095551
20727621.145597771 3655963.102895551
20727621.155597772 3655962.969695551
20727621.165597770 3655962.836495551
20727621.175597772 3655962.703295551
20727621.185597770 3655962.570095551
20727621.195597772 3655962.436895551
20727621.205597773 3655962.303695551
20727621.215597771 3655962.170495551
20727621.225597773 3655962.037295551
20727621.235597771 3655961.904095551
20727621.245597772 3655961.770895551
20727621.255597770 3655961.637695551
20727621.265597772 3655961.504495551
20727621.275597770 3655961.371295551
20727621.285597771 3655961.238095551
20727621.295597773 3655961.104895551
20727621.305597771 3655960.971695551
20727621.315597773 3655960.838495551
20727621.325597771 3655960.705295551
20727621.335597772 3655960.572095551
20727621.345597770 3655960.438895551
20727621.355597772 3655960.305695551
20727621.365597773 3655960.172495551
20727621.375597771 3655960.039295551
20727621.385597773 3655959.906095551
20727621.395597771 3655959.772895551
20727621.405597772 3655959.639695551
20727621.415597770 3655959.506495551
20727621.425597772 3655959.373295551
20727621.435597770 3655959.240095551
20727621.445597772 3655959.106895551
20727621.455597773 3655958.973695551
20727621.465597771 3655958.840495551
20727621.475597773 3655958.707295551
20727621.485597771 3655958.574095551
20727621.495597772 3655958.440895551
20727621.505597770 3655958.307695551
20727621.515597772 3655958.174495551
20727621.525597770 3655958.041295551
20727621.535597771 3655957.908095551
20727621.545597773 3655957.774895551
20727621.555597771 3655957.641695551
20727621.565597773 3655957.508495551
20727621.575597771 3655957.375295551
20727621.585597772 3655957.242095551
20727621.595597770 3655957.108895551
20727621.605597772 3655956.975695551
20727621.615597773 3655956.842495551
20727621.625597771 3655956.709295551
20727621.635597773 3655956.576095551
20727621.645597771 3655956.442895551
20727621.655597772 3655956.309695551
20727621.665597770 3655956.176495551
20727621.675597772 3655956.043295551
20727621.685597770 3655955.910095551
20727621.695597772 3655955.776895551
20727621.705597773 3655955.643695551
20727621.715597771 3655955.510495551
20727621.725597773 3655955.377295551
20727621.735597771 3655955.244095551
20727621.745597772 3655955.110895551
20727621.755597770 3655954.977695551
20727621.765597772 3655954.844495551
20727621.775597770 3655954.711295551
20727621.785597771 3655954.578095551
20727621.795597773 3655954.444895551
20727621.805597771 3655954.311695551
20727621.815597773 3655954.178495551
20727621.825597771 3655954.045295551
20727621.835597772 3655953.912095551
20727621.845597770 3655953.778895551
20727621.855597772 3655953.645695551
20727621.865597773 3655953.512495551
20727621.875597771 3655953.379295551
20727621.885597773 3655953.246095551
20727621.895597771 3655953.112895551
20727621.905597772 3655952.979695551
20727621.915597770 3655952.846495551
20727621.925597772 3655952.713295551
20727621.935597770 3655952.580095551
20727621.945597772 3655952.446895551
20727621.955597773 3655952.313695551
20727621.965597771 3655952.180495551
20727621.975597773 3655952.047295551
20727621.985597771 3655951.914095551
20727621.995597772 3655951.780895551
20727622.005597770 3655951.647695551
20727622.015597772 3655951.514495551
20727622.025597770 3655951.381295551
20727622.035597771 3655951.248095551
20727622.045597773 3655951.114895551
20727622.055597771 3655950.981695551
20727622.065597773 3655950.848495551
20727622.075597771 3655950.715295551
20727622.085597772 3655950.582095551
20727622.095597770 3655950.448895551
20727622.105597772 3655950.315695551
20727622.115597773 3655950.182495551
20727622.125597771 3655950.049295551
20727622.135597773 3655949.916095551
20727622.145597771 3655949.782895551
20727622.155597772 3655949.649695551
20727622.165597770 3655949.516495551
20727622.175597772 3655949.383295551
20727622.185597770 3655949.250095551
20727622.195597772 3655949.116895551
