21395678.781080235 3417739.979508427


21395678.778602723 3417739.978830335


21395678.775769256 3417739.979246135


21395678.780493900 3417739.979865306


21395678.779631037 3417739.978025579


21395678.780578341 3417739.978718623


21395678.777452674 3417739.980227692


21395678.780915733 3417739.980618929


21395678.781791333 3417739.980499483


21395678.778854642 3417739.980140067


21395678.779210370 3417739.980654073


21395678.778763469 3417739.982229374


21395678.779138748 3417739.983112823


21395678.777611885 3417739.980207654


21395678.780141059 3417739.979646976


21395678.778444182 3417739.980550671


21395678.780343581 3417739.979164476


21395678.778638657 3417739.982507818


21395678.596291773 3417739.899754910


21395678.595758628 3417739.902292095


21395678.594311416 3417739.901012526


21395678.597338013 3417739.899153276


21395678.595475372 3417739.901038116


21395678.598463412 3417739.898495424


21395678.596710768 3417739.898586476


21395678.594768837 3417739.898882676


21395678.597429629 3417739.900372164


21395678.594756328 3417739.899233948


21395678.597182047 3417739.899505950


21395678.596537910 3417739.900473285


21395678.598744631 3417739.901172504


21395678.598558769 3417739.901728768


21395678.598226976 3417739.900401336


21395678.602038722 3417739.900585868


21395678.602437805 3417739.899011035


21395678.596451841 3417739.901453651


21395678.599259574 3417739.901666475


21395678.593828794 3417739.903826443


21395678.598034207 3417739.901881746


21395678.597476169 3417739.906766335


21395678.597806223 3417739.899758592


21395678.598440509 3417739.901046105


21395678.597539846 3417739.903494474


21395678.599518403 3417739.902052059


21395678.596885465 3417739.901782081


21395678.600552496 3417739.901838657


21395678.598494779 3417739.903337290


21395678.599739928 3417739.901883560


21395678.599663433 3417739.903843354


21395678.601709045 3417739.901106574


21395678.602512218 3417739.900100722


21395678.598348122 3417739.901379677


21395678.600566082 3417739.901598264


21395678.598715279 3417739.901431534


21395678.600138422 3417739.901879666


21395678.599790592 3417739.903805148


21395678.600860763 3417739.902390093


21395678.601362299 3417739.903142936


21395678.601279806 3417739.899595280


21395678.600309968 3417739.901489876


21395678.599963680 3417739.900310440


21395678.600184795 3417739.901731361


21395678.597184349 3417739.901372566


21395678.597503271 3417739.903014310


21395678.598059766 3417739.901234641


21395678.597717449 3417739.900461759


21395678.599520307 3417739.898984099


21395678.598606721 3417739.903373159


21395678.598917160 3417739.904146353


21395678.596109711 3417739.900699249


21395678.596932516 3417739.903334075


21395678.595361084 3417739.900762009


21395678.596109755 3417739.899072870


21395678.592819095 3417739.900010621


21395678.593524590 3417739.900428804


21395678.594652876 3417739.900066630


21395678.593292899 3417739.901188813


21395678.592657022 3417739.904632600


21395678.589130893 3417739.899418287


21395678.589428227 3417739.902113691


21395678.592600372 3417739.897203560


21395678.591120824 3417739.899140101


21395678.592586368 3417739.899033371


21395678.592201471 3417739.898796873


21395678.590663809 3417739.899680532


21395678.587761935 3417739.897990102


21395678.591612469 3417739.897250176


21395678.590716369 3417739.898534162


21395678.590837289 3417739.901120401


21395678.592256561 3417739.897909219


21395678.590158843 3417739.898576572


21395678.590805382 3417739.896223096


21395678.592734307 3417739.894596350


21395678.591458675 3417739.897824609


21395678.590641104 3417739.895725698


21395678.590696689 3417739.896519862


21395678.591704812 3417739.898542985


21395678.591935467 3417739.896045718


21395678.592036422 3417739.899851936


21395678.591769934 3417739.895418961


21395678.596348274 3417739.894117478


21395678.592079926 3417739.892883958


21395678.593844172 3417739.892349236


21395678.591831207 3417739.893533242


21395678.591929823 3417739.897099223


21395678.591344122 3417739.894258784


21395678.593913205 3417739.897782143


21395678.594181925 3417739.894286499


21395678.591160923 3417739.896718624


21395678.591988344 3417739.896562685


21395678.590285327 3417739.896838069


21395678.590642631 3417739.899144774


21395678.592670184 3417739.894560013


21395678.591656681 3417739.896880112


21395678.592164092 3417739.894971553


21395678.591271963 3417739.896662092


21395678.591929510 3417739.895435885


21395678.594749793 3417739.893671059


21395678.594589710 3417739.898496313


21395678.592024505 3417739.898632268


21395678.588310383 3417739.898650079


21395678.591960665 3417739.895361654


21395678.594009925 3417739.897892086


21395678.590585474 3417739.896557913


21395678.594747581 3417739.895075680


21395678.593819469 3417739.894715117


21395678.595040455 3417739.895682710


21395678.591280907 3417739.894314847


21395678.592999682 3417739.894020827


21395678.593710039 3417739.901461960


21395678.593566764 3417739.901481842


21395678.596480571 3417739.897867945


21395678.589546360 3417739.901151496


21395678.594653159 3417739.896832350


21395678.593422864 3417739.898175047


21395678.595158253 3417739.899581171


21395678.595662314 3417739.900592730


21395678.595293224 3417739.898711218


21395678.593071371 3417739.901357312


21395678.591998901 3417739.900905753


21395678.595404390 3417739.900299546


21395678.591898076 3417739.898744394


21395678.593852744 3417739.896489022


21395678.593727753 3417739.896748986


21395678.593950778 3417739.895101947


21395678.594012454 3417739.898150804


21395678.591349032 3417739.899655355


21395678.594219126 3417739.898093340


21395678.592040807 3417739.898669073


21395678.596665759 3417739.895611383


21395678.593233936 3417739.898417153


21395678.594060317 3417739.896523958


21395678.592616491 3417739.897221883


21395678.596135955 3417739.895228447


21395678.600467488 3417739.891508288


21395678.592507306 3417739.895836833


21395678.595229793 3417739.893851184


21395678.591887239 3417739.897635605


21395678.586946830 3417739.904300283


21395678.588409271 3417739.898981781


21395678.585703716 3417739.904330913


21395678.586996686 3417739.902876715


21395678.586125236 3417739.903421197


21395678.585505940 3417739.903667510


21395678.584623974 3417739.904766541


21395678.586584650 3417739.901494625


21395678.584246378 3417739.908540469


21395678.584584951 3417739.907298897


21395678.584363241 3417739.907448916


21395678.584733464 3417739.907814929


21395678.583893720 3417739.908340619


21395678.590720657 3417739.900604056


21395678.588152383 3417739.900425854


21395678.589836389 3417739.899836469


21395678.588843483 3417739.897739273


21395678.589672249 3417739.900983932


21395678.589304913 3417739.900913595


21395678.590798859 3417739.902081817


21395678.588833176 3417739.903209921


21395678.588810869 3417739.904189662


21395678.589376979 3417739.901763043


21395678.587994743 3417739.902238589


21395678.590297457 3417739.902973833


21395678.586721193 3417739.902417369


21395678.584549461 3417739.906929612


21395678.585154217 3417739.908457673


21395678.584639549 3417739.904729425


21395678.587289505 3417739.905110124


21395678.586335063 3417739.906949127


21395678.589223627 3417739.905645672


21395678.585566219 3417739.904942148


21395678.588930883 3417739.906683501


21395678.587017678 3417739.903393995


21395678.587914504 3417739.902183929


21395678.585695095 3417739.901817502


21395678.583589159 3417739.904906022


21395678.586115621 3417739.904068146


21395678.586463630 3417739.902161143


21395678.587260123 3417739.900471536


21395678.585767392 3417739.901059051


21395678.589364748 3417739.898880037


21395678.589954697 3417739.898892754


21395678.587872118 3417739.896214794


21395678.589994654 3417739.901350413


21395678.587760441 3417739.899468642


21395678.590839785 3417739.896481500


21395678.589150589 3417739.894908592


21395678.591658764 3417739.893830633


21395678.535813060 3417739.864085034


21395678.519909259 3417739.858123037


21395678.511622567 3417739.842088080


21395678.499301679 3417739.832468685


21395678.485213339 3417739.821424998


21395678.475799989 3417739.805918533


21395678.459846381 3417739.799753726


21395678.443411335 3417739.793260956


21395678.428514641 3417739.781060829


21395678.415309895 3417739.769084429


21395678.389239851 3417739.757030447


21395678.375246253 3417739.745893427


21395678.374923021 3417739.730760175


21395678.360775210 3417739.721787007


21395678.348525744 3417739.716214378


21395678.339529011 3417739.712347234


21395678.331153478 3417739.705165817


21395678.326910157 3417739.696705759


21395678.319852185 3417739.695481015


21395678.313782811 3417739.682861963


21395678.299436178 3417739.678012127


21395678.291770179 3417739.663505075


21395678.283805188 3417739.659184290


21395678.267745566 3417739.648695833


21395678.253867563 3417739.636337898


21395678.243119925 3417739.622951372


21395678.227577202 3417739.608262544


21395678.208141837 3417739.585110232


21395678.192517836 3417739.568629486


21395678.176638179 3417739.548824557


21395678.163144682 3417739.531768547


21395678.138671316 3417739.519976187


21395678.134485532 3417739.507615953


21395678.114478879 3417739.496149576


21395678.104496900 3417739.476287016


21395678.085957438 3417739.458356235


21395678.073884882 3417739.436628982


21395678.052022275 3417739.427731201


21395678.032857124 3417739.417550311


21395678.010408424 3417739.400877514


21395677.985738527 3417739.395075103


21395677.972950757 3417739.376829375


21395677.954195406 3417739.358013588


21395677.937348388 3417739.341988352


21395677.919610195 3417739.326119678


21395677.905176386 3417739.310717714


21395677.884262670 3417739.297781678


21395677.863936324 3417739.286226017


21395677.847553443 3417739.273652301


21395677.838065051 3417739.253729475


21395677.814545404 3417739.240024192


21395677.793454606 3417739.218754695


21395677.779157817 3417739.194535684


21395677.758866653 3417739.181685971


21395677.742856357 3417739.163194510


21395677.726869371 3417739.140562948


21395677.706912000 3417739.122719950


21395677.690383956 3417739.106710078


21395677.669532418 3417739.091980721


21395677.658581499 3417739.074105158


21395677.634898383 3417739.063247637


21395677.468239795 3417738.887730283


21395677.450034406 3417738.879517545


21395677.427522734 3417738.872714524


21395677.408332534 3417738.858338564


21395677.389260016 3417738.839692210


21395677.370500155 3417738.820414429


21395677.345186282 3417738.804176222


21395677.325273607 3417738.787644979


21395677.303508580 3417738.774051924


21395677.274570409 3417738.752341625


21395677.250776075 3417738.723576548


21395677.229587950 3417738.710292043


21395677.203210548 3417738.691255031


21395677.182056859 3417738.665180940


21395677.153668597 3417738.655700070


21395677.128366467 3417738.640663052


21395677.101890631 3417738.618078542


21395677.078380499 3417738.589033463


21395677.054833692 3417738.562760979


21395677.030107118 3417738.538107920


21395677.007204439 3417738.517392095


21395676.990692191 3417738.481791602


21395676.969450772 3417738.451633942


21395676.943657637 3417738.428765536


21395676.928033683 3417738.410658414


21395676.898125637 3417738.385945099


21395676.882472072 3417738.364807288


21395676.854792506 3417738.339758008


21395676.825037405 3417738.312751482


21395676.803475108 3417738.285646417


21395676.779560324 3417738.262500915


21395676.754910976 3417738.235961982


21395676.730700150 3417738.215148050


21395676.707941197 3417738.191196546


21395676.675701115 3417738.170904635


21395676.657228261 3417738.148371290


21395676.635145832 3417738.118609962


21395676.607253894 3417738.096298032


21395676.584195521 3417738.072700604


21395676.270634037 3417737.800444646


21395676.246937957 3417737.768684595


21395676.218636885 3417737.738762254


21395676.199472301 3417737.715588817


21395676.167339839 3417737.688365263


21395676.148106374 3417737.654879782


21395676.118297521 3417737.632161509


21395676.093583718 3417737.610446896


21395676.068222277 3417737.579553272


21395676.042597841 3417737.554373023


21395676.018892799 3417737.531484214


21395675.990106035 3417737.504061633


21395675.959209215 3417737.484200154


21395675.929809920 3417737.460978876


21395675.904293600 3417737.430548803


21395675.877133127 3417737.406418534


21395675.853301473 3417737.383623371


21395675.830248345 3417737.354037863


21395675.807589494 3417737.332173801


21395675.777618680 3417737.304300753


21395675.758834120 3417737.280864860


21395675.727259770 3417737.252027956


21395675.712505553 3417737.229938799


21395675.683567226 3417737.213107641


21395675.659243919 3417737.192202404


21395675.639059883 3417737.164215240


21395675.607991561 3417737.143117171


21395675.584481589 3417737.120614571


21395675.554750483 3417737.102589858


21395675.537663195 3417737.083184847


21395675.518895999 3417737.048475025


21395675.491726037 3417737.026636563


21395675.461639151 3417737.009724222


21395675.432988428 3417736.988066565


21395675.405956604 3417736.962419549


21395675.382339992 3417736.932266620


21395675.360022288 3417736.907793322


21395675.335441027 3417736.875173289


21395675.310578216 3417736.851260827


21395675.277846128 3417736.826297888


21395675.256934430 3417736.793993146


21395675.231327195 3417736.768942102


21395675.203185700 3417736.739036687


21395675.176693790 3417736.714807477


21395675.132598881 3417736.690177353


21395675.106569037 3417736.665925146


21395675.075463746 3417736.639412339


21395674.828395247 3417736.378815389


21395674.806589417 3417736.354521906


21395674.779545031 3417736.330852545


21395674.751596749 3417736.302774918


21395674.729137931 3417736.278543261


21395674.700277459 3417736.256628912


21395674.667848766 3417736.231718456


21395674.643829439 3417736.209294761


21395674.615592070 3417736.180998180


21395674.608601112 3417736.131166247


21395674.558008395 3417736.138166147


21395674.531551987 3417736.107782229


21395674.509336203 3417736.079057176


21395674.482275430 3417736.052079772


21395674.457037333 3417736.027283864


21395674.428261723 3417735.996109419


21395674.402975317 3417735.969632160


21395674.373138104 3417735.944012561


21395674.345906958 3417735.920807065


21395674.311218679 3417735.912626030


21395674.292363215 3417735.867253206


21395674.262540042 3417735.844701411


21395674.235736638 3417735.824485747


21395673.956642322 3417735.560634829


21395673.923286181 3417735.537064108


21395673.891894672 3417735.499206416


21395673.866736453 3417735.474428210


21395673.860754922 3417735.425122378


21395673.833601255 3417735.403320725


21395673.808195163 3417735.362964976


21395673.779273383 3417735.331514737


21395673.751929045 3417735.301620018


21395673.722860280 3417735.273072822


21395673.697721981 3417735.242177021


21395673.668168046 3417735.204763412


21395673.637506977 3417735.181295727


21395673.606786035 3417735.154963986


21395673.578995928 3417735.125129068


21395673.547329403 3417735.095017843


21395673.519985374 3417735.066786462


21395673.481012389 3417735.034491884


21395673.452015907 3417735.011710235


21395673.423478715 3417734.978833157


21395673.393075407 3417734.942592188


21395673.360736713 3417734.912210308


21395673.331026219 3417734.876720313


21395673.301077403 3417734.839680196


21395673.268036488 3417734.814110388


21395673.245794166 3417734.776144809


21395673.204363521 3417734.751728916


21395673.169455040 3417734.729171374


21395673.141029414 3417734.702817203


21395673.109246939 3417734.667365937


21395673.085602731 3417734.632759223


21395673.052938327 3417734.603304607


21395673.017291743 3417734.580255274


21395672.990921117 3417734.552125272


21395672.956579354 3417734.519046177


21395672.928884272 3417734.497305261


21395672.894813541 3417734.456073144


21395672.866511948 3417734.430992990


21395672.830048975 3417734.402702869


21395672.795579419 3417734.372859297


21395672.769841861 3417734.344261069


21395672.737342712 3417734.318667487


21395672.703859475 3417734.286984602


21395672.674395476 3417734.252249946


21395672.646612629 3417734.221527844


21395672.607892588 3417734.192280257


21395672.576999079 3417734.158077052


21395672.538569421 3417734.134075394


21395672.509802505 3417734.108685601


21395672.474445339 3417734.074470574


21395672.442521527 3417734.040868848


21395672.411813099 3417734.007661842


21395672.080570128 3417733.686214502


21395672.052355826 3417733.655385728


21395672.017067641 3417733.628229987


21395671.980611887 3417733.576209459


21395671.943822797 3417733.550436020


21395671.911570936 3417733.510997326


21395671.875661805 3417733.496969571


21395671.844750110 3417733.452749535


21395671.821371544 3417733.414333023


21395671.786872435 3417733.366784397


21395671.754097842 3417733.339105091


21395671.722195413 3417733.310955223


21395671.688971408 3417733.278068506


21395671.649572924 3417733.239753098


21395671.615268927 3417733.215433905


21395671.585489742 3417733.181071962


21395671.551138636 3417733.138881546


21395671.512451455 3417733.112997288


21395671.474878538 3417733.077159054


21395671.446320131 3417733.032324612


21395671.413175039 3417733.007513572


21395671.377907302 3417732.980819673


21395671.346001647 3417732.939289179


21395671.313334536 3417732.903033374


21395671.284340546 3417732.869088834


21395671.253987238 3417732.820021169


21395671.226123378 3417732.790796870


21395671.191818107 3417732.741878715


21395671.155558806 3417732.723012211


21395671.117593434 3417732.691058945


21395671.086343583 3417732.664436673


21395671.053885493 3417732.628363642


21395671.020657577 3417732.604865604


21395670.994411074 3417732.574756866


21395670.956986256 3417732.541024086


21395670.918944247 3417732.515909751


21395670.891424961 3417732.484427333


21395670.866083104 3417732.445752786


21395670.831380207 3417732.423026908


21395670.805665366 3417732.385335528


21395670.769013993 3417732.357342961


21395670.746353768 3417732.307608708


21395670.715978183 3417732.295412003


21395670.686961155 3417732.262373287


21395670.652234521 3417732.227431321


21395670.624857239 3417732.202323658


21395670.589744695 3417732.176829546


21395670.558115274 3417732.147253933


21395670.524451487 3417732.119934471


21395670.498895366 3417732.080541237


21395670.464693364 3417732.061765521


21395670.433923289 3417732.023883284


21395670.396342058 3417731.987194983


21395670.364114113 3417731.953466865


21395670.323869966 3417731.913440941


21395669.992025971 3417731.545185709


21395669.952279735 3417731.512067029


21395669.915827725 3417731.480006570


21395669.876552124 3417731.451004682


21395669.851598736 3417731.408038616


21395669.814588934 3417731.372730850


21395669.784735151 3417731.330736751


21395669.749010943 3417731.298114734


21395669.706631057 3417731.258128164


21395669.665721845 3417731.228347533


21395669.632452045 3417731.187514192


21395669.595336411 3417731.141377261


21395669.565545883 3417731.104224715


21395669.531293415 3417731.070497903


21395669.493906759 3417731.025989997


21395669.459557556 3417730.998677236


21395669.419506699 3417730.963750341


21395669.386927638 3417730.920193462


21395669.343931317 3417730.893796873


21395669.296643484 3417730.858903736


21395669.261401076 3417730.826646643


21395669.225504205 3417730.789405921


21395669.185195338 3417730.750914604


21395669.150234427 3417730.718100313


21395669.108151820 3417730.688959524


21395669.066139702 3417730.652351490


21395669.033593837 3417730.600773284


21395668.998067636 3417730.567206772


21395668.962526549 3417730.522329683


21395668.926408771 3417730.488584137


21395668.878157713 3417730.470943724


21395668.809645299 3417730.472870005


21395668.773493931 3417730.435687215


21395668.736805119 3417730.405495712


21395668.700099699 3417730.367080073


21395668.661746476 3417730.336221017


21395668.623571441 3417730.300758309


21395668.584837977 3417730.265245613


21395668.543107942 3417730.226509445


21395668.517050821 3417730.186418811


21395668.477089040 3417730.158976087


21395668.437445700 3417730.124969290


21395668.399801139 3417730.091589817


21395668.359532535 3417730.063743496


21395668.321701560 3417730.037388842


21395668.280904882 3417729.999549150


21395668.244052559 3417729.967307793


21395668.206242092 3417729.939788599


21395668.169400416 3417729.915161547


21395668.127014548 3417729.881089146


21395668.092265069 3417729.834023498


21395668.059903946 3417729.801350138


21395668.022866804 3417729.771402301


21395667.985985763 3417729.742746651


21395667.943712227 3417729.713644696


21395667.912707791 3417729.674618897


21395667.868364520 3417729.655572665


21395667.830053706 3417729.617634755


21395667.794366147 3417729.588764144


21395667.739325386 3417729.556571165


21395667.710487548 3417729.533714052


21395667.678935044 3417729.481017247


21395667.640243955 3417729.457997684


21395667.598293100 3417729.426027933


21395667.581928298 3417729.382682234


21395667.539709955 3417729.342915874


21395667.509927228 3417729.335925187


21395667.461703118 3417729.288418292


21395667.424187418 3417729.258438173


21395667.390592072 3417729.225074577


21395667.341305286 3417729.207481255


21395667.315149933 3417729.175283217


21395667.285935119 3417729.135057110


21395667.259665899 3417729.094469551


21395667.214289892 3417729.072513322


21395667.176929265 3417729.035564134


21395667.145255081 3417728.999779159


21395667.110903852 3417728.960841515


21395667.077311665 3417728.931063314


21395667.039194863 3417728.898298350


21395667.017321751 3417728.850811166


21395666.979155220 3417728.827638627


21395666.942591313 3417728.787391934


21395666.909974705 3417728.744888876


21395666.876304094 3417728.708716817


21395666.846699446 3417728.675905634


21395666.811216991 3417728.632136872


21395666.778630666 3417728.607412793


21395666.748522546 3417728.572019109


21395666.714111067 3417728.536704444


21395666.679522716 3417728.504496412


21395666.641034428 3417728.471236079


21395666.618059076 3417728.425145784


21395666.576603688 3417728.403095800


21395666.549792081 3417728.346157350


21395666.520173669 3417728.307044084


21395666.484422307 3417728.273276484


21395666.445338249 3417728.234514463


21395666.413578559 3417728.217710903


21395666.388246935 3417728.175192100


21395666.351820465 3417728.135960550


21395666.311731141 3417728.115043075


21395666.279313572 3417728.079856778


21395666.248984922 3417728.034947240


21395666.211973138 3417728.010857821


21395666.182376441 3417727.972335754


21395666.147004738 3417727.938268739


21395666.119174644 3417727.892928190


21395666.092051364 3417727.846508801


21395666.054626785 3417727.816065756


21395666.025069498 3417727.779945910


21395665.995477628 3417727.743549178


21395665.662800808 3417727.402654939


21395665.624121722 3417727.377602293


21395665.597741317 3417727.335426408


21395665.560952473 3417727.299894718


21395665.522052392 3417727.281590009


21395665.492952254 3417727.246574590


21395665.455645174 3417727.205318678


21395665.429652460 3417727.173451721


21395665.392989233 3417727.134462751


21395665.362956505 3417727.103522393


21395665.333175529 3417727.067349290


21395665.294581164 3417727.031391687


21395665.262571551 3417727.000433687


21395665.229275387 3417726.968323920


21395665.196443643 3417726.936431393


21395665.162327468 3417726.905235237


21395665.126189113 3417726.874280623


21395665.109682206 3417726.821288934


21395665.070059702 3417726.830196161


21395665.030798174 3417726.789587724


21395664.997729916 3417726.749805877


21395664.963508897 3417726.711144190


21395664.929565072 3417726.682903402


21395664.895979557 3417726.647284965


21395664.861756720 3417726.614962476


21395664.825755224 3417726.593117941


21395664.791897442 3417726.545951180


21395664.759323750 3417726.515996699


21395664.732807595 3417726.482767224


21395664.701333568 3417726.452783514


21395664.665060241 3417726.422698854


21395664.626755700 3417726.404979736


21395664.599718302 3417726.351037510


21395664.561651103 3417726.324980885


21395664.537060618 3417726.302840016


21395664.504807077 3417726.269759020


21395664.474537779 3417726.239079718


21395664.432194714 3417726.220808658


21395664.401247960 3417726.184425171


21395664.364000142 3417726.160652251


21395664.344689362 3417726.124155049


21395664.311683901 3417726.092430557


21395664.276448831 3417726.056033534


21395664.245423581 3417726.034454555


21395664.215806007 3417725.997060073


21395664.185907751 3417725.963567948


21395664.158298217 3417725.926116880


21395664.125443425 3417725.901654173


21395664.093251649 3417725.874893272


21395664.064195625 3417725.836236557


21395664.034993008 3417725.818465453


21395664.009245384 3417725.785579619


21395663.983921088 3417725.758492861


21395663.951939769 3417725.738586568


21395663.918866672 3417725.703203387


21395663.886902928 3417725.670415265


21395663.860943627 3417725.635443083


21395663.833079308 3417725.614332217


21395663.814292461 3417725.574355358


21395663.786631394 3417725.546311914


21395663.750454511 3417725.519571479


21395663.723890498 3417725.481444858


21395663.688757688 3417725.453881030


21395663.653225657 3417725.432771173


21395663.382884920 3417725.107180435


21395663.353166856 3417725.087233543


21395663.323637277 3417725.057212353


21395663.293715436 3417725.024570610


21395663.268301819 3417724.998131585


21395663.240371406 3417724.963733114


21395663.210898317 3417724.934598486


21395663.188277796 3417724.906875415


21395663.156236794 3417724.877599550


21395663.130638771 3417724.838816634


21395663.101081811 3417724.822305742


21395663.070862941 3417724.795155932


21395663.035455190 3417724.760664203


21395663.017868999 3417724.729361952


21395662.983915046 3417724.700086300


21395662.955967195 3417724.673690522


21395662.920505241 3417724.653226838


21395662.900837913 3417724.612870474


21395662.879448544 3417724.585523483


21395662.850151777 3417724.559750780


21395662.823036086 3417724.532053159


21395662.792956065 3417724.501168716


21395662.760324791 3417724.476740792


21395662.733721610 3417724.446025668


21395662.698304277 3417724.417078505


21395662.670549326 3417724.384323181


21395662.650169577 3417724.357520774


21395662.612649918 3417724.332031729


21395662.584337085 3417724.299281857


21395662.550160374 3417724.274942965


21395662.520567663 3417724.248249076


21395662.492374934 3417724.221264283


21395662.466505967 3417724.193905629


21395662.176103476 3417723.949090645


21395662.150382936 3417723.918976785


21395662.115913887 3417723.907134296


21395662.077081926 3417723.881122114


21395662.053379357 3417723.858492053


21395662.026133068 3417723.830481524


21395661.999018546 3417723.806166022


21395661.977728970 3417723.772719139


21395661.959857885 3417723.753044583


21395661.931192797 3417723.718505443


21395661.891537659 3417723.696345476


21395661.859872416 3417723.682682870


21395661.834169343 3417723.655987935


21395661.816106763 3417723.624875156


21395661.794307340 3417723.596349355


21395661.771289401 3417723.575265056


21395661.738709811 3417723.561019979


21395661.702894390 3417723.530487295


21395661.671936907 3417723.507687876


21395661.644137200 3417723.481771175


21395661.616227135 3417723.457611301


21395661.602638952 3417723.430871891


21395661.581057083 3417723.401771036


21395661.556395777 3417723.378910086


21395661.544174030 3417723.353340142


21395661.512848087 3417723.325461892


21395661.493270729 3417723.305730088


21395661.465470750 3417723.283047664


21395661.446435660 3417723.258449906


21395661.414109301 3417723.244017537


21395661.395339351 3417723.226976151


21395661.358278763 3417723.217469186


21395661.332958795 3417723.177777961


21395661.313182306 3417723.153982154


21395661.286001168 3417723.140793213


21395661.270811487 3417723.098618858


21395661.222046748 3417723.072463494


21395661.202619258 3417723.050124322


21395661.174102984 3417723.030812547


21395661.145955667 3417723.011737427


21395661.120888930 3417722.971858909


21395661.095012952 3417722.948677162


21395661.081153750 3417722.923566780


21395661.045021363 3417722.917691615


21395661.015537515 3417722.884195448


21395660.995386872 3417722.858000695


21395660.970555779 3417722.843864708


21395660.944187339 3417722.819227729


21395660.920447331 3417722.794398729


21395660.906461563 3417722.761231617


21395660.865310334 3417722.762151279


21395660.848436177 3417722.736830102


21395660.829678249 3417722.711231629


21395660.803089868 3417722.682031855


21395660.787328511 3417722.653132857


21395660.757194780 3417722.637958281


21395660.714503955 3417722.624883957


21395660.694272671 3417722.593699967


21395660.674842793 3417722.559698946


21395660.657616343 3417722.527690883


21395660.632818215 3417722.507141469


21395660.619620990 3417722.464947643


21395660.598478522 3417722.436766574


21395660.573184103 3417722.402952239


21395660.544779584 3417722.383657854


21395660.515205014 3417722.349035200


21395660.487849496 3417722.321266001


21395660.461126462 3417722.294599517


21395660.431497250 3417722.270696707


21395660.406891439 3417722.245358687


21395660.379630569 3417722.207700923


21395660.153884757 3417721.951386925


21395660.124557771 3417721.924154479


21395660.097824890 3417721.899742842


21395660.075306721 3417721.877600213


21395660.050969072 3417721.861759101


21395660.023014124 3417721.829745000


21395660.002558451 3417721.809855449


21395659.978311751 3417721.787008930


21395659.940010570 3417721.771267324


21395659.911499426 3417721.768792216


21395659.883663226 3417721.745666592


21395659.853584450 3417721.721435510


21395659.554860134 3417721.556505361


21395659.524680793 3417721.533402640


21395659.499333259 3417721.507203234


21395659.460633397 3417721.504495036


21395659.431374267 3417721.492361375


21395659.400276795 3417721.468288105


21395659.361555755 3417721.458520151


21395659.324157666 3417721.456889643


21395659.289141774 3417721.444553502


21395659.259784434 3417721.427264444


21395659.233758669 3417721.409961306


21395659.203275338 3417721.401425037


21395659.170043297 3417721.387297231


21395659.151939198 3417721.369879710


21395659.124963783 3417721.345119298


21395659.110071201 3417721.320296241


21395659.092977133 3417721.295309885


21395659.053957168 3417721.294101822


21395659.018171519 3417721.279666307


21395658.985948645 3417721.262774886


21395658.948810868 3417721.266575418


21395658.913606405 3417721.254518345


21395658.871314466 3417721.252898706


21395658.843895756 3417721.243131183


21395658.807284724 3417721.227428506


21395658.782329984 3417721.216953085


21395658.742466204 3417721.212592922


21395658.712389320 3417721.191817878


21395658.687419962 3417721.166797601


21395658.663879517 3417721.155864799


21395658.617940545 3417721.157866228


21395658.580612268 3417721.147068181


21395658.550025351 3417721.137719735


21395658.516774148 3417721.141205060


21395658.490206927 3417721.132113035


21395658.462474294 3417721.122847583


21395658.439349864 3417721.120227424


21395658.414443940 3417721.106591178


21395658.391115360 3417721.104287201


21395658.357759308 3417721.100306995


21395658.336764608 3417721.105188023


21395658.304581232 3417721.100494056


21395658.268367324 3417721.114006868


21395658.235062078 3417721.100545119


21395658.210220542 3417721.090234926


21395658.187575072 3417721.079533640


21395658.154151559 3417721.084961215


21395658.128227200 3417721.081296491


21395658.099390220 3417721.071579793


21395658.067265727 3417721.066386248


21395658.034968384 3417721.063079515


21395658.005592793 3417721.056971990


21395657.964307260 3417721.060461913


21395657.591260720 3417721.027218634


21395657.556988575 3417721.020844780


21395657.532879367 3417720.990863036


21395657.500476360 3417720.976745616


21395657.466623660 3417720.965987529


21395657.423238475 3417720.955267163


21395657.381934442 3417720.934028923


21395657.354081746 3417720.917372019


21395657.312557757 3417720.917666961


21395657.270965174 3417720.915837195


21395657.239257921 3417720.894616051


21395657.179263204 3417720.890545052


21395657.144170683 3417720.878523855


21395657.114934895 3417720.860623721


21395657.068850707 3417720.841243397


21395657.023858137 3417720.843845474


21395656.978828140 3417720.831200621


21395656.939089939 3417720.825009560


21395656.895554300 3417720.805419512


21395656.846001040 3417720.793188498


21395656.347674824 3417720.657432609


21395656.314646970 3417720.628314260


21395656.280673120 3417720.603529846


21395656.240179520 3417720.586922565


21395656.202415455 3417720.556002350


21395656.144895371 3417720.545789769


21395656.103659648 3417720.529910523


21395656.045468692 3417720.530978260


21395656.003398012 3417720.512852421


21395655.955509160 3417720.494764967


21395655.895499881 3417720.409282783


21395655.857398190 3417720.378070163


21395655.805959888 3417720.365432502


21395655.771667242 3417720.334127209


21395655.727597013 3417720.303878521


21395655.692212027 3417720.263564897


21395655.656208273 3417720.236601018


21395655.605832472 3417720.211976912


21395655.573634293 3417720.179671627


21395655.544054326 3417720.155916203


21395655.501447838 3417720.125375986


21395655.461880054 3417720.100738655


21395655.425818503 3417720.074385233


21395655.396886334 3417720.041881693


21395655.369731374 3417720.011800350


21395655.328254797 3417719.987588271


21395655.297766678 3417719.955728313


21395655.254281335 3417719.938022898


21395655.221196849 3417719.919421123


21395655.181868695 3417719.894836896


21395655.098261762 3417719.932838971


21395655.073154759 3417719.906785077


21395655.033273190 3417719.884294679


21395654.998296842 3417719.856433643


21395654.967757065 3417719.845384443


21395654.943872899 3417719.825380555


21395654.912999514 3417719.806295130


21395654.881432142 3417719.796124609


21395654.847826567 3417719.769876554


21395654.827225123 3417719.748121797


21395654.795017090 3417719.731119352


21395654.763429213 3417719.715589374


21395654.741505452 3417719.695547846


21395654.714713935 3417719.681449514


21395654.671576194 3417719.676474511


21395654.648367949 3417719.658755733


21395654.626186304 3417719.643318636


21395654.595195606 3417719.635064562


21395654.567823935 3417719.620325047


21395654.544568144 3417719.605896453


21395654.518204562 3417719.588282441


21395654.508187030 3417719.574574613


21395654.479984559 3417719.558013543


21395654.462506752 3417719.542696807


21395654.434748016 3417719.527499036


21395654.404725980 3417719.513968247


21395654.371977579 3417719.498763797


21395654.340375163 3417719.485008195


21395654.312470984 3417719.476132543


21395654.278387122 3417719.466189913


21395654.266052961 3417719.437275912


21395654.242120750 3417719.418880392


21395654.214740820 3417719.408188423


21395654.185513102 3417719.379698277


21395653.924630694 3417719.177010198


21395653.904051553 3417719.154275700


21395653.878231954 3417719.135233292


21395653.855854787 3417719.116101793


21395653.823180620 3417719.088920561


21395653.809062339 3417719.058508507


21395653.789065558 3417719.028486578


21395653.763903454 3417719.003320342


21395653.744673140 3417718.983215526


21395653.718877330 3417718.955190842


21395653.700201832 3417718.941290412


21395653.669562656 3417718.921703698


21395653.653565798 3417718.899700642


21395653.628647491 3417718.875012545


21395653.613154780 3417718.844244293


21395653.583654281 3417718.828619991


21395653.563858803 3417718.802883819


21395653.544316821 3417718.767202082


21395653.526118387 3417718.741764488


21395653.505435068 3417718.726312751


21395653.487482540 3417718.703201431


21395653.455585357 3417718.678858768


21395653.438209500 3417718.657663897


21395653.412480839 3417718.638140080


21395653.402760200 3417718.604247471


21395653.373367213 3417718.584944285


21395653.361312106 3417718.558485607


21395653.338448301 3417718.536863852


21395653.313830681 3417718.511951038


21395653.291728545 3417718.483446696


21395653.271344695 3417718.459490505


21395653.067071170 3417718.237397954


21395653.039155066 3417718.220778642


21395653.023242641 3417718.197628903


21395653.001836166 3417718.171797589


21395652.977107279 3417718.148549206


21395652.964269541 3417718.126829459


21395652.942675132 3417718.111127883


21395652.924842719 3417718.080733652


21395652.903970290 3417718.058981545


21395652.885944474 3417718.033265041


21395652.861274920 3417718.012825277


21395652.837647270 3417717.991340361


21395652.825116951 3417717.974977267


21395652.800417915 3417717.953151673


21395652.787479889 3417717.929326005


21395652.763714019 3417717.914902403


21395652.743953485 3417717.889480077


21395652.722108603 3417717.879140609


21395652.710985083 3417717.864815218


21395652.688716553 3417717.853537329


21395652.678144962 3417717.832072657


21395652.660741474 3417717.814574373


21395652.643412352 3417717.806316148


21395652.628306981 3417717.792343863


21395652.618201569 3417717.785955600


21395652.612524737 3417717.771096455


21395652.597364318 3417717.762909441


21395652.587813005 3417717.749603651


21395652.571441982 3417717.744773636


21395652.569635332 3417717.726291238


21395652.552235458 3417717.722210541


21395652.546931420 3417717.712873743


21395652.539249975 3417717.704946298


