20727639.100297771 3656080.994595551
20727639.110297773 3656080.893895551
20727639.120297771 3656080.793195551
20727639.130297773 3656080.692495551
20727639.140297771 3656080.591795551
20727639.150297772 3656080.491095551
20727639.160297770 3656080.390395551
20727639.170297772 3656080.289695551
20727639.180297770 3656080.188995551
20727639.190297771 3656080.088295551
20727639.200297773 3656079.987595551
20727639.210297771 3656079.886895551
20727639.220297772 3656079.786195551
20727639.230297770 3656079.685495551
20727639.240297772 3656079.584795551
20727639.250297770 3656079.484095551
20727639.260297772 3656079.383395551
20727639.270297773 3656079.282695551
20727639.280297771 3656079.181995551
20727639.290297773 3656079.081295551
20727639.300297771 3656078.980595551
20727639.310297772 3656078.879895551
20727639.320297770 3656078.779195551
20727639.330297772 3656078.678495551
20727639.340297770 3656078.577795551
20727639.350297771 3656078.477095551
20727639.360297773 3656078.376395551
20727639.370297771 3656078.275695551
20727639.380297773 3656078.174995551
20727639.390297771 3656078.074295551
20727639.400297772 3656077.973595551
20727639.410297770 3656077.872895551
20727639.420297772 3656077.772195551
20727639.430297770 3656077.671495551
20727639.440297771 3656077.570795551
20727639.450297773 3656077.470095551
20727639.460297771 3656077.369395551
20727639.470297772 3656077.268695551
20727639.480297770 3656077.167995551
20727639.490297772 3656077.067295551
20727639.500297770 3656076.966595551
20727639.510297772 3656076.865895551
20727639.520297773 3656076.765195551
20727639.530297771 3656076.664495551
20727639.540297773 3656076.563795551
20727639.550297771 3656076.463095551
20727639.560297772 3656076.362395551
20727639.570297770 3656076.261695551
20727639.580297772 3656076.160995551
20727639.590297770 3656076.060295551
20727639.600297771 3656075.959595551
20727639.610297773 3656075.858895551
20727639.620297771 3656075.758195551
20727639.630297773 3656075.657495551
20727639.640297771 3656075.556795551
20727639.650297772 3656075.456095551
20727639.660297770 3656075.355395551
20727639.670297772 3656075.254695551
20727639.680297770 3656075.153995551
20727639.690297771 3656075.053295551
20727639.700297773 3656074.952595551
20727639.710297771 3656074.851895551
20727639.720297772 3656074.751195551
20727639.730297770 3656074.650495551
20727639.740297772 3656074.549795551
20727639.750297770 3656074.449095551
20727639.760297772 3656074.348395551
20727639.770297773 3656074.247695551
20727639.780297771 3656074.146995551
20727639.790297773 3656074.046295551
20727639.800297771 3656073.945595551
20727639.810297772 3656073.844895551
20727639.820297770 3656073.744195551
20727639.830297772 3656073.643495551
20727639.840297770 3656073.542795551
20727639.850297771 3656073.442095551
20727639.860297773 3656073.341395551
20727639.870297771 3656073.240695551
20727639.880297773 3656073.139995551
20727639.890297771 3656073.039295551
20727639.900297772 3656072.938595551
20727639.910297770 3656072.837895551
20727639.920297772 3656072.737195551
20727639.930297770 3656072.636495551
20727639.940297771 3656072.535795551
20727639.950297773 3656072.435095551
20727639.960297771 3656072.334395551
20727639.970297772 3656072.233695551
20727639.980297770 3656072.132995551
20727639.990297772 3656072.032295551
20727640.000297770 3656071.931595551
20727640.010297772 3656071.830895551
20727640.020297773 3656071.730195551
20727640.030297771 3656071.629495551
20727640.040297773 3656071.528795551
20727640.050297771 3656071.428095551
20727640.060297772 3656071.327395551
20727640.070297770 3656071.226695551
20727640.080297772 3656071.125995551
20727640.090297770 3656071.025295551
20727640.100297771 3656070.924595551
20727640.110297773 3656070.823895551
20727640.120297771 3656070.723195551
20727640.130297773 3656070.622495551
20727640.140297771 3656070.521795551
20727640.150297772 3656070.421095551
20727640.160297770 3656070.320395551
20727640.170297772 3656070.219695551
20727640.180297770 3656070.118995551
20727640.190297771 3656070.018295551
20727640.200297773 3656069.917595551
20727640.210297771 3656069.816895551
20727640.220297772 3656069.716195551
20727640.230297770 3656069.615495551
20727640.240297772 3656069.514795551
20727640.250297770 3656069.414095551
20727640.260297772 3656069.313395551
20727640.270297773 3656069.212695551
20727640.280297771 3656069.111995551
20727640.290297773 3656069.011295551
20727640.300297771 3656068.910595551
20727640.310297772 3656068.809895551
20727640.320297770 3656068.709195551
20727640.330297772 3656068.608495551
20727640.340297770 3656068.507795551
20727640.350297771 3656068.407095551
20727640.360297773 3656068.306395551
20727640.370297771 3656068.205695551
20727640.380297773 3656068.104995551
20727640.390297771 3656068.004295551
20727640.400297772 3656067.903595551
20727640.410297770 3656067.802895551
20727640.420297772 3656067.702195551
20727640.430297770 3656067.601495551
20727640.440297771 3656067.500795551
20727640.450297773 3656067.400095551
20727640.460297771 3656067.299395551
20727640.470297772 3656067.198695551
20727640.480297770 3656067.097995551
20727640.490297772 3656066.997295551
20727640.500297770 3656066.896595551
20727640.510297772 3656066.795895551
20727640.520297773 3656066.695195551
20727640.530297771 3656066.594495551
20727640.540297773 3656066.493795551
20727640.550297771 3656066.393095551
20727640.560297772 3656066.292395551
20727640.570297770 3656066.191695551
20727640.580297772 3656066.090995551
20727640.590297770 3656065.990295551
20727640.600297771 3656065.889595551
20727640.610297773 3656065.788895551
20727640.620297771 3656065.688195551
20727640.630297773 3656065.587495551
20727640.640297771 3656065.486795551
20727640.650297772 3656065.386095551
20727640.660297770 3656065.285395551
20727640.670297772 3656065.184695551
20727640.680297770 3656065.083995551
20727640.690297771 3656064.983295551
20727640.700297773 3656064.882595551
20727640.710297771 3656064.781895551
20727640.720297772 3656064.681195551
20727640.730297770 3656064.580495551
20727640.740297772 3656064.479795551
20727640.750297770 3656064.379095551
20727640.760297772 3656064.278395551
20727640.770297773 3656064.177695551
20727640.780297771 3656064.076995551
20727640.790297773 3656063.976295551
20727640.800297771 3656063.875595551
20727640.810297772 3656063.774895551
20727640.820297770 3656063.674195551
20727640.830297772 3656063.573495551
20727640.840297770 3656063.472795551
20727640.850297771 3656063.372095551
20727640.860297773 3656063.271395551
20727640.870297771 3656063.170695551
20727640.880297773 3656063.069995551
20727640.890297771 3656062.969295551
20727640.900297772 3656062.868595551
20727640.910297770 3656062.767895551
20727640.920297772 3656062.667195551
20727640.930297770 3656062.566495551
20727640.940297771 3656062.465795551
20727640.950297773 3656062.365095551
20727640.960297771 3656062.264395551
20727640.970297772 3656062.163695551
20727640.980297770 3656062.062995551
20727640.990297772 3656061.962295551
20727641.000297770 3656061.861595551
20727641.010297772 3656061.760895551
20727641.020297773 3656061.660195551
20727641.030297771 3656061.559495551
20727641.040297773 3656061.458795551
20727641.050297771 3656061.358095551
20727641.060297772 3656061.257395551
20727641.070297770 3656061.156695551
20727641.080297772 3656061.055995551
20727641.090297770 3656060.955295551
20727641.100297771 3656060.854595551
20727641.110297773 3656060.753895551
20727641.120297771 3656060.653195551
20727641.130297773 3656060.552495551
20727641.140297771 3656060.451795551
20727641.150297772 3656060.351095551
20727641.160297770 3656060.250395551
20727641.170297772 3656060.149695551
20727641.180297770 3656060.048995551
20727641.190297771 3656059.948295551
20727641.200297773 3656059.847595551
20727641.210297771 3656059.746895551
20727641.220297772 3656059.646195551
20727641.230297770 3656059.545495551
20727641.240297772 3656059.444795551
20727641.250297770 3656059.344095551
20727641.260297772 3656059.243395551
20727641.270297773 3656059.142695551
20727641.280297771 3656059.041995551
20727641.290297773 3656058.941295551
20727641.300297771 3656058.840595551
20727641.310297772 3656058.739895551
20727641.320297770 3656058.639195551
20727641.330297772 3656058.538495551
20727641.340297770 3656058.437795551
20727641.350297771 3656058.337095551
20727641.360297773 3656058.236395551
20727641.370297771 3656058.135695551
20727641.380297773 3656058.034995551
20727641.390297771 3656057.934295551
20727641.400297772 3656057.833595551
20727641.410297770 3656057.732895551
20727641.420297772 3656057.632195551
20727641.430297770 3656057.531495551
20727641.440297771 3656057.430795551
20727641.450297773 3656057.330095551
20727641.460297771 3656057.229395551
20727641.470297772 3656057.128695551
20727641.480297770 3656057.027995551
20727641.490297772 3656056.927295551
20727641.500297770 3656056.826595551
20727641.510297772 3656056.725895551
20727641.520297773 3656056.625195551
20727641.530297771 3656056.524495551
20727641.540297773 3656056.423795551
20727641.550297771 3656056.323095551
20727641.560297772 3656056.222395551
20727641.570297770 3656056.121695551
20727641.580297772 3656056.020995551
20727641.590297770 3656055.920295551
20727641.600297771 3656055.819595551
20727641.610297773 3656055.718895551
20727641.620297771 3656055.618195551
20727641.630297773 3656055.517495551
20727641.640297771 3656055.416795551
20727641.650297772 3656055.316095551
20727641.660297770 3656055.215395551
20727641.670297772 3656055.114695551
20727641.680297770 3656055.013995551
20727641.690297771 3656054.913295551
20727641.700297773 3656054.812595551
20727641.710297771 3656054.711895551
20727641.720297772 3656054.611195551
20727641.730297770 3656054.510495551
20727641.740297772 3656054.409795551
20727641.750297770 3656054.309095551
20727641.760297772 3656054.208395551
20727641.770297773 3656054.107695551
20727641.780297771 3656054.006995551
20727641.790297773 3656053.906295551
20727641.800297771 3656053.805595551
20727641.810297772 3656053.704895551
20727641.820297770 3656053.604195551
20727641.830297772 3656053.503495551
20727641.840297770 3656053.402795551
20727641.850297771 3656053.302095551
20727641.860297773 3656053.201395551
20727641.870297771 3656053.100695551
20727641.880297773 3656052.999995551
20727641.890297771 3656052.899295551
20727641.900297772 3656052.798595551
20727641.910297770 3656052.697895551
20727641.920297772 3656052.597195551
20727641.930297770 3656052.496495551
20727641.940297771 3656052.395795551
20727641.950297773 3656052.295095551
20727641.960297771 3656052.194395551
20727641.970297772 3656052.093695551
20727641.980297770 3656051.992995551
20727641.990297772 3656051.892295551
20727642.000297770 3656051.791595551
20727642.010297772 3656051.690895551
20727642.020297773 3656051.590195551
20727642.030297771 3656051.489495551
20727642.040297773 3656051.388795551
20727642.050297771 3656051.288095551
20727642.060297772 3656051.187395551
20727642.070297770 3656051.086695551
20727642.080297772 3656050.985995551
20727642.090297770 3656050.885295551
20727642.100297771 3656050.784595551
20727642.110297773 3656050.683895551
20727642.120297771 3656050.583195551
20727642.130297773 3656050.482495551
20727642.140297771 3656050.381795551
20727642.150297772 3656050.281095551
20727642.160297770 3656050.180395551
20727642.170297772 3656050.079695551
20727642.180297770 3656049.978995551
20727642.190297771 3656049.878295551
20727642.200297773 3656049.777595551
20727642.210297771 3656049.676895551
20727642.220297772 3656049.576195551
20727642.230297770 3656049.475495551
20727642.240297772 3656049.374795551
20727642.250297770 3656049.274095551
20727642.260297772 3656049.173395551
20727642.270297773 3656049.072695551
20727642.280297771 3656048.971995551
20727642.290297773 3656048.871295551
20727642.300297771 3656048.770595551
20727642.310297772 3656048.669895551
20727642.320297770 3656048.569195551
20727642.330297772 3656048.468495551
20727642.340297770 3656048.367795551
20727642.350297771 3656048.267095551
20727642.360297773 3656048.166395551
20727642.370297771 3656048.065695551
20727642.380297773 3656047.964995551
20727642.390297771 3656047.864295551
20727642.400297772 3656047.763595551
20727642.410297770 3656047.662895551
20727642.420297772 3656047.562195551
20727642.430297770 3656047.461495551
20727642.440297771 3656047.360795551
20727642.450297773 3656047.260095551
20727642.460297771 3656047.159395551
20727642.470297772 3656047.058695551
20727642.480297770 3656046.957995551
20727642.490297772 3656046.857295551
20727642.500297770 3656046.756595551
20727642.510297772 3656046.655895551
20727642.520297773 3656046.555195551
20727642.530297771 3656046.454495551
20727642.540297773 3656046.353795551
20727642.550297771 3656046.253095551
20727642.560297772 3656046.152395551
20727642.570297770 3656046.051695551
20727642.580297772 3656045.950995551
20727642.590297770 3656045.850295551
20727642.600297771 3656045.749595551
20727642.610297773 3656045.648895551
20727642.620297771 3656045.548195551
20727642.630297773 3656045.447495551
20727642.640297771 3656045.346795551
20727642.650297772 3656045.246095551
20727642.660297770 3656045.145395551
20727642.670297772 3656045.044695551
20727642.680297770 3656044.943995551
20727642.690297771 3656044.843295551
20727642.700297773 3656044.742595551
20727642.710297771 3656044.641895551
20727642.720297772 3656044.541195551
20727642.730297770 3656044.440495551
20727642.740297772 3656044.339795551
20727642.750297770 3656044.239095551
20727642.760297772 3656044.138395551
20727642.770297773 3656044.037695551
20727642.780297771 3656043.936995551
20727642.790297773 3656043.836295551
20727642.800297771 3656043.735595551
20727642.810297772 3656043.634895551
20727642.820297770 3656043.534195551
20727642.830297772 3656043.433495551
20727642.840297770 3656043.332795551
20727642.850297771 3656043.232095551
20727642.860297773 3656043.131395551
20727642.870297771 3656043.030695551
20727642.880297773 3656042.929995551
20727642.890297771 3656042.829295551
20727642.900297772 3656042.728595551
20727642.910297770 3656042.627895551
20727642.920297772 3656042.527195551
20727642.930297770 3656042.426495551
20727642.940297771 3656042.325795551
20727642.950297773 3656042.225095551
20727642.960297771 3656042.124395551
20727642.970297772 3656042.023695551
20727642.980297770 3656041.922995551
20727642.990297772 3656041.822295551
20727643.000297770 3656041.721595551
20727643.010297772 3656041.620895551
20727643.020297773 3656041.520195551
20727643.030297771 3656041.419495551
20727643.040297773 3656041.318795551
20727643.050297771 3656041.218095551
20727643.060297772 3656041.117395551
20727643.070297770 3656041.016695551
20727643.080297772 3656040.915995551
20727643.090297770 3656040.815295551
20727643.100297771 3656040.714595551
20727643.110297773 3656040.613895551
20727643.120297771 3656040.513195551
20727643.130297773 3656040.412495551
20727643.140297771 3656040.311795551
20727643.150297772 3656040.211095551
20727643.160297770 3656040.110395551
20727643.170297772 3656040.009695551
20727643.180297770 3656039.908995551
20727643.190297771 3656039.808295551
20727643.200297773 3656039.707595551
20727643.210297771 3656039.606895551
20727643.220297772 3656039.506195551
20727643.230297770 3656039.405495551
20727643.240297772 3656039.304795551
20727643.250297770 3656039.204095551
20727643.260297772 3656039.103395551
20727643.270297773 3656039.002695551
20727643.280297771 3656038.901995551
20727643.290297773 3656038.801295551
20727643.300297771 3656038.700595551
20727643.310297772 3656038.599895551
20727643.320297770 3656038.499195551
20727643.330297772 3656038.398495551
20727643.340297770 3656038.297795551
20727643.350297771 3656038.197095551
20727643.360297773 3656038.096395551
20727643.370297771 3656037.995695551
20727643.380297773 3656037.894995551
20727643.390297771 3656037.794295551
20727643.400297772 3656037.693595551
20727643.410297770 3656037.592895551
20727643.420297772 3656037.492195551
20727643.430297770 3656037.391495551
20727643.440297771 3656037.290795551
20727643.450297773 3656037.190095551
20727643.460297771 3656037.089395551
20727643.470297772 3656036.988695551
20727643.480297770 3656036.887995551
20727643.490297772 3656036.787295551
20727643.500297770 3656036.686595551
20727643.510297772 3656036.585895551
20727643.520297773 3656036.485195551
20727643.530297771 3656036.384495551
20727643.540297773 3656036.283795551
20727643.550297771 3656036.183095551
20727643.560297772 3656036.082395551
20727643.570297770 3656035.981695551
20727643.580297772 3656035.880995551
20727643.590297770 3656035.780295551
20727643.600297771 3656035.679595551
20727643.610297773 3656035.578895551
20727643.620297771 3656035.478195551
20727643.630297773 3656035.377495551
20727643.640297771 3656035.276795551
20727643.650297772 3656035.176095551
20727643.660297770 3656035.075395551
20727643.670297772 3656034.974695551
20727643.680297770 3656034.873995551
20727643.690297771 3656034.773295551
20727643.700297773 3656034.672595551
20727643.710297771 3656034.571895551
20727643.720297772 3656034.471195551
20727643.730297770 3656034.370495551
20727643.740297772 3656034.269795551
20727643.750297770 3656034.169095551
20727643.760297772 3656034.068395551
20727643.770297773 3656033.967695551
20727643.780297771 3656033.866995551
20727643.790297773 3656033.766295551
20727643.800297771 3656033.665595551
20727643.810297772 3656033.564895551
20727643.820297770 3656033.464195551
20727643.830297772 3656033.363495551
20727643.840297770 3656033.262795551
20727643.850297771 3656033.162095551
20727643.860297773 3656033.061395551
20727643.870297771 3656032.960695551
20727643.880297773 3656032.859995551
20727643.890297771 3656032.759295551
20727643.900297772 3656032.658595551
20727643.910297770 3656032.557895551
20727643.920297772 3656032.457195551
20727643.930297770 3656032.356495551
20727643.940297771 3656032.255795551
20727643.950297773 3656032.155095551
20727643.960297771 3656032.054395551
20727643.970297772 3656031.953695551
20727643.980297770 3656031.852995551
20727643.990297772 3656031.752295551
20727644.000297770 3656031.651595551
20727644.010297772 3656031.550895551
20727644.020297773 3656031.450195551
20727644.030297771 3656031.349495551
20727644.040297773 3656031.248795551
20727644.050297771 3656031.148095551
20727644.060297772 3656031.047395551
20727644.070297770 3656030.946695551
20727644.080297772 3656030.845995551
20727644.090297770 3656030.745295551
20727644.100297771 3656030.644595551
20727644.110297773 3656030.543895551
20727644.120297771 3656030.443195551
20727644.130297773 3656030.342495551
20727644.140297771 3656030.241795551
20727644.150297772 3656030.141095551
20727644.160297770 3656030.040395551
20727644.170297772 3656029.939695551
20727644.180297770 3656029.838995551
20727644.190297771 3656029.738295551
20727644.200297773 3656029.637595551
20727644.210297771 3656029.536895551
20727644.220297772 3656029.436195551
20727644.230297770 3656029.335495551
20727644.240297772 3656029.234795551
20727644.250297770 3656029.134095551
20727644.260297772 3656029.033395551
20727644.270297773 3656028.932695551
20727644.280297771 3656028.831995551
20727644.290297773 3656028.731295551
20727644.300297771 3656028.630595551
20727644.310297772 3656028.529895551
20727644.320297770 3656028.429195551
20727644.330297772 3656028.328495551
20727644.340297770 3656028.227795551
20727644.350297771 3656028.127095551
20727644.360297773 3656028.026395551
20727644.370297771 3656027.925695551
20727644.380297773 3656027.824995551
20727644.390297771 3656027.724295551
20727644.400297772 3656027.623595551
20727644.410297770 3656027.522895551
20727644.420297772 3656027.422195551
20727644.430297770 3656027.321495551
20727644.440297771 3656027.220795551
20727644.450297773 3656027.120095551
20727644.460297771 3656027.019395551
20727644.470297772 3656026.918695551
20727644.480297770 3656026.817995551
20727644.490297772 3656026.717295551
20727644.500297770 3656026.616595551
20727644.510297772 3656026.515895551
20727644.520297773 3656026.415195551
20727644.530297771 3656026.314495551
20727644.540297773 3656026.213795551
20727644.550297771 3656026.113095551
20727644.560297772 3656026.012395551
20727644.570297770 3656025.911695551
20727644.580297772 3656025.810995551
20727644.590297770 3656025.710295551
20727644.600297771 3656025.609595551
20727644.610297773 3656025.508895551
20727644.620297771 3656025.408195551
20727644.630297773 3656025.307495551
20727644.640297771 3656025.206795551
20727644.650297772 3656025.106095551
20727644.660297770 3656025.005395551
20727644.670297772 3656024.904695551
20727644.680297770 3656024.803995551
20727644.690297771 3656024.703295551
20727644.700297773 3656024.602595551
20727644.710297771 3656024.501895551
20727644.720297772 3656024.401195551
20727644.730297770 3656024.300495551
20727644.740297772 3656024.199795551
20727644.750297770 3656024.099095551
20727644.760297772 3656023.998395551
20727644.770297773 3656023.897695551
20727644.780297771 3656023.796995551
20727644.790297773 3656023.696295551
20727644.800297771 3656023.595595551
20727644.810297772 3656023.494895551
20727644.820297770 3656023.394195551
20727644.830297772 3656023.293495551
20727644.840297770 3656023.192795551
20727644.850297771 3656023.092095551
20727644.860297773 3656022.991395551
20727644.870297771 3656022.890695551
20727644.880297773 3656022.789995551
20727644.890297771 3656022.689295551
20727644.900297772 3656022.588595551
20727644.910297770 3656022.487895551
20727644.920297772 3656022.387195551
20727644.930297770 3656022.286495551
20727644.940297771 3656022.185795551
20727644.950297773 3656022.085095551
20727644.960297771 3656021.984395551
20727644.970297772 3656021.883695551
20727644.980297770 3656021.782995551
20727644.990297772 3656021.682295551
20727645.000297770 3656021.581595551
20727645.010297772 3656021.480895551
20727645.020297773 3656021.380195551
20727645.030297771 3656021.279495551
20727645.040297773 3656021.178795551
20727645.050297771 3656021.078095551
20727645.060297772 3656020.977395551
20727645.070297770 3656020.876695551
20727645.080297772 3656020.775995551
20727645.090297770 3656020.675295551
20727645.100297771 3656020.574595551
20727645.110297773 3656020.473895551
20727645.120297771 3656020.373195551
20727645.130297773 3656020.272495551
20727645.140297771 3656020.171795551
20727645.150297772 3656020.071095551
20727645.160297770 3656019.970395551
20727645.170297772 3656019.869695551
20727645.180297770 3656019.768995551
20727645.190297771 3656019.668295551
20727645.200297773 3656019.567595551
20727645.210297771 3656019.466895551
20727645.220297772 3656019.366195551
20727645.230297770 3656019.265495551
20727645.240297772 3656019.164795551
20727645.250297770 3656019.064095551
20727645.260297772 3656018.963395551
20727645.270297773 3656018.862695551
20727645.280297771 3656018.761995551
20727645.290297773 3656018.661295551
20727645.300297771 3656018.560595551
20727645.310297772 3656018.459895551
20727645.320297770 3656018.359195551
20727645.330297772 3656018.258495551
20727645.340297770 3656018.157795551
20727645.350297771 3656018.057095551
20727645.360297773 3656017.956395551
20727645.370297771 3656017.855695551
20727645.380297773 3656017.754995551
20727645.390297771 3656017.654295551
20727645.400297772 3656017.553595551
20727645.410297770 3656017.452895551
20727645.420297772 3656017.352195551
20727645.430297770 3656017.251495551
20727645.440297771 3656017.150795551
20727645.450297773 3656017.050095551
20727645.460297771 3656016.949395551
20727645.470297772 3656016.848695551
20727645.480297770 3656016.747995551
20727645.490297772 3656016.647295551
20727645.500297770 3656016.546595551
20727645.510297772 3656016.445895551
20727645.520297773 3656016.345195551
20727645.530297771 3656016.244495551
20727645.540297773 3656016.143795551
20727645.550297771 3656016.043095551
20727645.560297772 3656015.942395551
20727645.570297770 3656015.841695551
20727645.580297772 3656015.740995551
20727645.590297770 3656015.640295551
20727645.600297771 3656015.539595551
20727645.610297773 3656015.438895551
20727645.620297771 3656015.338195551
20727645.630297773 3656015.237495551
20727645.640297771 3656015.136795551
20727645.650297772 3656015.036095551
20727645.660297770 3656014.935395551
20727645.670297772 3656014.834695551
20727645.680297770 3656014.733995551
20727645.690297771 3656014.633295551
20727645.700297773 3656014.532595551
20727645.710297771 3656014.431895551
20727645.720297772 3656014.331195551
20727645.730297770 3656014.230495551
20727645.740297772 3656014.129795551
20727645.750297770 3656014.029095551
20727645.760297772 3656013.928395551
20727645.770297773 3656013.827695551
20727645.780297771 3656013.726995551
20727645.790297773 3656013.626295551
20727645.800297771 3656013.525595551
20727645.810297772 3656013.424895551
20727645.820297770 3656013.324195551
20727645.830297772 3656013.223495551
20727645.840297770 3656013.122795551
20727645.850297771 3656013.022095551
20727645.860297773 3656012.921395551
20727645.870297771 3656012.820695551
20727645.880297773 3656012.719995551
20727645.890297771 3656012.619295551
20727645.900297772 3656012.518595551
20727645.910297770 3656012.417895551
20727645.920297772 3656012.317195551
20727645.930297770 3656012.216495551
20727645.940297771 3656012.115795551
20727645.950297773 3656012.015095551
20727645.960297771 3656011.914395551
20727645.970297772 3656011.813695551
20727645.980297770 3656011.712995551
20727645.990297772 3656011.612295551
20727646.000297770 3656011.511595551
20727646.010297772 3656011.410895551
20727646.020297773 3656011.310195551
20727646.030297771 3656011.209495551
20727646.040297773 3656011.108795551
20727646.050297771 3656011.008095551
20727646.060297772 3656010.907395551
20727646.070297770 3656010.806695551
20727646.080297772 3656010.705995551
20727646.090297770 3656010.605295551
20727646.100297771 3656010.504595551
20727646.110297773 3656010.403895551
20727646.120297771 3656010.303195551
20727646.130297773 3656010.202495551
20727646.140297771 3656010.101795551
20727646.150297772 3656010.001095551
20727646.160297770 3656009.900395551
20727646.170297772 3656009.799695551
20727646.180297770 3656009.698995551
20727646.190297771 3656009.598295551
20727646.200297773 3656009.497595551
20727646.210297771 3656009.396895551
20727646.220297772 3656009.296195551
20727646.230297770 3656009.195495551
20727646.240297772 3656009.094795551
20727646.250297770 3656008.994095551
20727646.260297772 3656008.893395551
20727646.270297773 3656008.792695551
20727646.280297771 3656008.691995551
20727646.290297773 3656008.591295551
20727646.300297771 3656008.490595551
20727646.310297772 3656008.389895551
20727646.320297770 3656008.289195551
20727646.330297772 3656008.188495551
20727646.340297770 3656008.087795551
20727646.350297771 3656007.987095551
20727646.360297773 3656007.886395551
20727646.370297771 3656007.785695551
20727646.380297773 3656007.684995551
20727646.390297771 3656007.584295551
20727646.400297772 3656007.483595551
20727646.410297770 3656007.382895551
20727646.420297772 3656007.282195551
20727646.430297770 3656007.181495551
20727646.440297771 3656007.080795551
20727646.450297773 3656006.980095551
20727646.460297771 3656006.879395551
20727646.470297772 3656006.778695551
20727646.480297770 3656006.677995551
20727646.490297772 3656006.577295551
20727646.500297770 3656006.476595551
20727646.510297772 3656006.375895551
20727646.520297773 3656006.275195551
20727646.530297771 3656006.174495551
20727646.540297773 3656006.073795551
20727646.550297771 3656005.973095551
20727646.560297772 3656005.872395551
20727646.570297770 3656005.771695551
20727646.580297772 3656005.670995551
20727646.590297770 3656005.570295551
20727646.600297771 3656005.469595551
20727646.610297773 3656005.368895551
20727646.620297771 3656005.268195551
20727646.630297773 3656005.167495551
20727646.640297771 3656005.066795551
20727646.650297772 3656004.966095551
20727646.660297770 3656004.865395551
20727646.670297772 3656004.764695551
20727646.680297770 3656004.663995551
20727646.690297771 3656004.563295551
20727646.700297773 3656004.462595551
20727646.710297771 3656004.361895551
20727646.720297772 3656004.261195551
20727646.730297770 3656004.160495551
20727646.740297772 3656004.059795551
20727646.750297770 3656003.959095551
20727646.760297772 3656003.858395551
20727646.770297773 3656003.757695551
20727646.780297771 3656003.656995551
20727646.790297773 3656003.556295551
20727646.800297771 3656003.455595551
20727646.810297772 3656003.354895551
20727646.820297770 3656003.254195551
20727646.830297772 3656003.153495551
20727646.840297770 3656003.052795551
20727646.850297771 3656002.952095551
20727646.860297773 3656002.851395551
20727646.870297771 3656002.750695551
20727646.880297773 3656002.649995551
20727646.890297771 3656002.549295551
20727646.900297772 3656002.448595551
20727646.910297770 3656002.347895551
20727646.920297772 3656002.247195551
20727646.930297770 3656002.146495551
20727646.940297771 3656002.045795551
20727646.950297773 3656001.945095551
20727646.960297771 3656001.844395551
20727646.970297772 3656001.743695551
20727646.980297770 3656001.642995551
20727646.990297772 3656001.542295551
20727647.000297770 3656001.441595551
20727647.010297772 3656001.340895551
20727647.020297773 3656001.240195551
20727647.030297771 3656001.139495551
20727647.040297773 3656001.038795551
20727647.050297771 3656000.938095551
20727647.060297772 3656000.837395551
20727647.070297770 3656000.736695551
20727647.080297772 3656000.635995551
20727647.090297770 3656000.535295551
20727647.100297771 3656000.434595551
20727647.110297773 3656000.333895551
20727647.120297771 3656000.233195551
20727647.130297773 3656000.132495551
20727647.140297771 3656000.031795551
20727647.150297772 3655999.931095551
20727647.160297770 3655999.830395551
20727647.170297772 3655999.729695551
20727647.180297770 3655999.628995551
20727647.190297771 3655999.528295551
20727647.200297773 3655999.427595551
20727647.210297771 3655999.326895551
20727647.220297772 3655999.226195551
20727647.230297770 3655999.125495551
20727647.240297772 3655999.024795551
20727647.250297770 3655998.924095551
20727647.260297772 3655998.823395551
20727647.270297773 3655998.722695551
20727647.280297771 3655998.621995551
20727647.290297773 3655998.521295551
20727647.300297771 3655998.420595551
20727647.310297772 3655998.319895551
20727647.320297770 3655998.219195551
20727647.330297772 3655998.118495551
20727647.340297770 3655998.017795551
20727647.350297771 3655997.917095551
20727647.360297773 3655997.816395551
20727647.370297771 3655997.715695551
20727647.380297773 3655997.614995551
20727647.390297771 3655997.514295551
20727647.400297772 3655997.413595551
20727647.410297770 3655997.312895551
20727647.420297772 3655997.212195551
20727647.430297770 3655997.111495551
20727647.440297771 3655997.010795551
20727647.450297773 3655996.910095551
20727647.460297771 3655996.809395551
20727647.470297772 3655996.708695551
20727647.480297770 3655996.607995551
20727647.490297772 3655996.507295551
20727647.500297770 3655996.406595551
20727647.510297772 3655996.305895551
20727647.520297773 3655996.205195551
20727647.530297771 3655996.104495551
20727647.540297773 3655996.003795551
20727647.550297771 3655995.903095551
20727647.560297772 3655995.802395551
20727647.570297770 3655995.701695551
20727647.580297772 3655995.600995551
20727647.590297770 3655995.500295551
20727647.600297771 3655995.399595551
20727647.610297773 3655995.298895551
20727647.620297771 3655995.198195551
20727647.630297773 3655995.097495551
20727647.640297771 3655994.996795551
20727647.650297772 3655994.896095551
20727647.660297770 3655994.795395551
20727647.670297772 3655994.694695551
20727647.680297770 3655994.593995551
20727647.690297771 3655994.493295551
20727647.700297773 3655994.392595551
20727647.710297771 3655994.291895551
20727647.720297772 3655994.191195551
20727647.730297770 3655994.090495551
20727647.740297772 3655993.989795551
20727647.750297770 3655993.889095551
20727647.760297772 3655993.788395551
20727647.770297773 3655993.687695551
20727647.780297771 3655993.586995551
20727647.790297773 3655993.486295551
20727647.800297771 3655993.385595551
20727647.810297772 3655993.284895551
20727647.820297770 3655993.184195551
20727647.830297772 3655993.083495551
20727647.840297770 3655992.982795551
20727647.850297771 3655992.882095551
20727647.860297773 3655992.781395551
20727647.870297771 3655992.680695551
20727647.880297773 3655992.579995551
20727647.890297771 3655992.479295551
20727647.900297772 3655992.378595551
20727647.910297770 3655992.277895551
20727647.920297772 3655992.177195551
20727647.930297770 3655992.076495551
20727647.940297771 3655991.975795551
20727647.950297773 3655991.875095551
20727647.960297771 3655991.774395551
20727647.970297772 3655991.673695551
20727647.980297770 3655991.572995551
20727647.990297772 3655991.472295551
20727648.000297770 3655991.371595551
20727648.010297772 3655991.270895551
20727648.020297773 3655991.170195551
20727648.030297771 3655991.069495551
20727648.040297773 3655990.968795551
20727648.050297771 3655990.868095551
20727648.060297772 3655990.767395551
20727648.070297770 3655990.666695551
20727648.080297772 3655990.565995551
20727648.090297770 3655990.465295551
20727648.100297771 3655990.364595551
20727648.110297773 3655990.263895551
20727648.120297771 3655990.163195551
20727648.130297773 3655990.062495551
20727648.140297771 3655989.961795551
20727648.150297772 3655989.861095551
20727648.160297770 3655989.760395551
20727648.170297772 3655989.659695551
20727648.180297770 3655989.558995551
20727648.190297771 3655989.458295551
20727648.200297773 3655989.357595551
20727648.210297771 3655989.256895551
20727648.220297772 3655989.156195551
20727648.230297770 3655989.055495551
20727648.240297772 3655988.954795551
20727648.250297770 3655988.854095551
20727648.260297772 3655988.753395551
20727648.270297773 3655988.652695551
20727648.280297771 3655988.551995551
20727648.290297773 3655988.451295551
20727648.300297771 3655988.350595551
20727648.310297772 3655988.249895551
20727648.320297770 3655988.149195551
20727648.330297772 3655988.048495551
20727648.340297770 3655987.947795551
20727648.350297771 3655987.847095551
20727648.360297773 3655987.746395551
20727648.370297771 3655987.645695551
20727648.380297773 3655987.544995551
20727648.390297771 3655987.444295551
20727648.400297772 3655987.343595551
20727648.410297770 3655987.242895551
20727648.420297772 3655987.142195551
20727648.430297770 3655987.041495551
20727648.440297771 3655986.940795551
20727648.450297773 3655986.840095551
20727648.460297771 3655986.739395551
20727648.470297772 3655986.638695551
20727648.480297770 3655986.537995551
20727648.490297772 3655986.437295551
20727648.500297770 3655986.336595551
20727648.510297772 3655986.235895551
20727648.520297773 3655986.135195551
20727648.530297771 3655986.034495551
20727648.540297773 3655985.933795551
20727648.550297771 3655985.833095551
20727648.560297772 3655985.732395551
20727648.570297770 3655985.631695551
20727648.580297772 3655985.530995551
20727648.590297770 3655985.430295551
20727648.600297771 3655985.329595551
20727648.610297773 3655985.228895551
20727648.620297771 3655985.128195551
20727648.630297773 3655985.027495551
20727648.640297771 3655984.926795551
20727648.650297772 3655984.826095551
20727648.660297770 3655984.725395551
20727648.670297772 3655984.624695551
20727648.680297770 3655984.523995551
20727648.690297771 3655984.423295551
20727648.700297773 3655984.322595551
20727648.710297771 3655984.221895551
20727648.720297772 3655984.121195551
20727648.730297770 3655984.020495551
20727648.740297772 3655983.919795551
20727648.750297770 3655983.819095551
20727648.760297772 3655983.718395551
20727648.770297773 3655983.617695551
20727648.780297771 3655983.516995551
20727648.790297773 3655983.416295551
20727648.800297771 3655983.315595551
20727648.810297772 3655983.214895551
20727648.820297770 3655983.114195551
20727648.830297772 3655983.013495551
20727648.840297770 3655982.912795551
20727648.850297771 3655982.812095551
20727648.860297773 3655982.711395551
20727648.870297771 3655982.610695551
20727648.880297773 3655982.509995551
20727648.890297771 3655982.409295551
20727648.900297772 3655982.308595551
20727648.910297770 3655982.207895551
20727648.920297772 3655982.107195551
20727648.930297770 3655982.006495551
20727648.940297771 3655981.905795551
20727648.950297773 3655981.805095551
20727648.960297771 3655981.704395551
20727648.970297772 3655981.603695551
20727648.980297770 3655981.502995551
20727648.990297772 3655981.402295551
20727649.000297770 3655981.301595551
20727649.010297772 3655981.200895551
20727649.020297773 3655981.100195551
20727649.030297771 3655980.999495551
20727649.040297773 3655980.898795551
20727649.050297771 3655980.798095551
20727649.060297772 3655980.697395551
20727649.070297770 3655980.596695551
20727649.080297772 3655980.495995551
20727649.090297770 3655980.395295551
20727649.100297771 3655980.294595551
