21395691.024279013 3417752.430011493


21395691.022251606 3417752.429717114


21395691.024031434 3417752.429145278


21395691.022290632 3417752.427184756


21395691.025928486 3417752.427518844


21395691.023003843 3417752.430023952


21395691.023387969 3417752.431812911


21395691.024914846 3417752.428194087


21395691.023168758 3417752.427324031


21395691.022672541 3417752.430378339


21395691.024035405 3417752.429551834


21395691.021320742 3417752.430705732


21395691.021316458 3417752.428635838


21395691.022695523 3417752.431098894


21395691.023228753 3417752.431832948


21395691.022099387 3417752.432084242


21395691.022113930 3417752.430309871


21395691.020358168 3417752.431713142


21395691.021959588 3417752.430828861


21395691.022706900 3417752.432263123


21395691.022931725 3417752.430800881


21395691.021991700 3417752.429220652


21395691.024448238 3417752.434279083


21395691.021755625 3417752.431163524


21395691.022038255 3417752.429090826


21395691.022259269 3417752.433764505


21395691.022888884 3417752.428047546


21395691.021320429 3417752.429042394


21395691.019114260 3417752.428398614


21395691.020786013 3417752.431450220


21395691.020975303 3417752.431245074


21395691.022011742 3417752.431271910


21395691.021547224 3417752.434307427


21395691.020647798 3417752.431987537


21395691.020204239 3417752.430642715


21395691.021669477 3417752.428872650


21395691.020475347 3417752.432284927


21395691.019482393 3417752.431814108


21395691.019340973 3417752.430392407


21395691.021905039 3417752.431771955


21395691.023936827 3417752.430883469


21395691.026494853 3417752.428381946


21395691.024027590 3417752.430383581


21395691.021382019 3417752.428820014


21395691.022235669 3417752.429717270


21395691.022768460 3417752.427143125


21395691.026981223 3417752.427582486


21395691.025462210 3417752.428743185


21395691.022707954 3417752.427476384


21395691.020434361 3417752.428090010


21395691.022226844 3417752.422287764


21395691.023701780 3417752.423141987


21395691.020143755 3417752.424451978


21395691.024256416 3417752.422803899


21395691.023671344 3417752.423290136


21395691.022472672 3417752.421342801


21395691.022161543 3417752.425393306


21395691.021336701 3417752.424181581


21395691.020543564 3417752.422951064


21395691.018570837 3417752.423358452


21395691.022216141 3417752.422823833


21395691.022339918 3417752.420808132


21395691.022869304 3417752.422780488


21395691.021147955 3417752.424442167


21395691.019596800 3417752.422313461


21395691.018496376 3417752.423895146


21395691.016909942 3417752.426313249


21395691.017042797 3417752.423595161


21395691.019357610 3417752.425568554


21395691.021567032 3417752.426544973


21395691.018373501 3417752.426003245


21395691.017428856 3417752.427213775


21395691.019581925 3417752.428948491


21395691.019857876 3417752.426192040


21395691.021389473 3417752.427951307


21395691.021549284 3417752.426360329


21395691.017873723 3417752.427061579


21395691.017186694 3417752.426901957


21395691.019067805 3417752.425275680


21395691.019978944 3417752.423899141


21395691.017205164 3417752.427160518


21395691.019268028 3417752.422926565


21395691.021432932 3417752.422609707


21395691.020403024 3417752.428145761


21395691.020596720 3417752.420233754


21395691.018945184 3417752.419251885


21395691.017051645 3417752.424500671


21395691.018189009 3417752.423436109


21395691.016010925 3417752.422403940


21395691.015747584 3417752.421556361


21395691.015731465 3417752.421538037


21395691.013922807 3417752.428948338


21395691.016609102 3417752.431417104


21395691.017514907 3417752.432757409


21395691.017748274 3417752.430537339


21395691.020749390 3417752.432596435


21395691.018609196 3417752.430547411


21395691.016866356 3417752.430009991


21395691.015948124 3417752.432292196


21395691.017257445 3417752.429248426


21395691.017905604 3417752.427061268


21395691.016940225 3417752.431044238


21395691.018137246 3417752.427927638


21395691.016124826 3417752.429167083


21395691.015517544 3417752.427380303


21395691.013257675 3417752.429398394


21395691.014863327 3417752.432210387


21395691.017141663 3417752.430450859


21395691.014481910 3417752.430698624


21395691.014399141 3417752.430385247


21395691.016280252 3417752.428758971


21395691.015682258 3417752.431185899


21395691.013566259 3417752.431613168


21395691.015282087 3417752.432649853


21395691.016550321 3417752.428663924


21395691.016419455 3417752.431585291


21395691.016790863 3417752.428809426


21395691.015190836 3417752.431467925


21395691.016420178 3417752.431659210


21395691.018875062 3417752.431653707


21395691.028634127 3417752.436862567


21395691.031231415 3417752.441642400


21395691.036444120 3417752.444899670


21395691.054081682 3417752.456999109


21395691.070220713 3417752.475618702


21395691.085227199 3417752.486006580


21395691.096506339 3417752.496689615


21395691.108740181 3417752.508823369


21395691.128763322 3417752.518718673


21395691.153432623 3417752.542411281


21395691.167411570 3417752.552051453


21395691.176756155 3417752.570312355


21395691.191650346 3417752.580627403


21395691.203093756 3417752.591807836


21395691.218202170 3417752.597943955


21395691.235473122 3417752.610046977


21395691.258977577 3417752.667886430


21395691.277450398 3417752.683895801


21395691.297395002 3417752.697174001


21395691.319925703 3417752.714086284


21395691.341665514 3417752.733261048


21395691.363688849 3417752.750455513


21395691.386127032 3417752.766056510


21395691.407606304 3417752.781408133


21395691.434032343 3417752.795639493


21395691.485113434 3417752.825579563


21395691.509995043 3417752.836739589


21395691.535456788 3417752.855064799


21395691.569010500 3417752.871130122


21395691.595390674 3417752.892089224


21395691.928588249 3417753.216290274


21395691.996661369 3417753.268944512


21395692.027117662 3417753.292672990


21395692.058804683 3417753.318366969


21395692.088907413 3417753.341803197


21395692.127683990 3417753.360534283


21395692.160930440 3417753.384309425


21395692.197649125 3417753.404520662


21395692.238525432 3417753.427685294


21395692.307232574 3417753.478337330


21395692.345304098 3417753.511380044


21395692.365237098 3417753.675209251


21395692.402004384 3417753.705289173


21395692.438325301 3417753.736999837


21395692.473686073 3417753.761807772


21395692.510139562 3417753.782613012


21395692.556589331 3417753.816590355


21395692.591403175 3417753.844157388


21395692.671335466 3417753.899967005


21395692.705588695 3417753.933786287


21395692.741800971 3417753.964167338


21395692.783445504 3417753.997433886


21395692.860772174 3417754.054137595


21395692.898490623 3417754.088569877


21395692.932080388 3417754.121379158


21395692.970027927 3417754.151521477


21395693.008176435 3417754.184286217


21395693.084581494 3417754.252716249


21395693.107027441 3417754.442062437


21395693.143747777 3417754.478759224


21395693.179955103 3417754.505370085


21395693.223274451 3417754.542002399


21395693.258795623 3417754.575070032


21395693.298899654 3417754.607298182


21395693.344317850 3417754.641747647


21395693.786910884 3417755.017275193


21395693.819014914 3417755.053019078


21395693.859680615 3417755.085629858


21395693.894342255 3417755.229780144


21395693.932517968 3417755.266961717


21395693.975519653 3417755.302081648


21395694.009612709 3417755.348876563


21395694.048051938 3417755.386924196


21395694.093300004 3417755.417013674


21395694.124006420 3417755.458186317


21395694.167059664 3417755.495320237


21395694.245274764 3417755.580957416


21395694.288081512 3417755.617336001


21395694.329282295 3417755.649239253


21395694.368402626 3417755.691734291


21395694.441842586 3417755.769951572


21395694.481480461 3417755.805048924


21395694.522373185 3417755.841316839


21395694.555977333 3417755.877230886


21395694.597974174 3417755.915557949


21395694.682152525 3417755.983376079


21395694.713137157 3417756.018761274


21395694.755054735 3417756.060397314


21395694.791781612 3417756.096133001


21395694.827026412 3417756.133546509


21395694.862282071 3417756.165544811


21395694.902264938 3417756.196794628


21395694.938293207 3417756.237711981


21395694.978720658 3417756.272043876


21395695.012601223 3417756.313407290


21395695.049145233 3417756.346742160


21395695.088519841 3417756.384263173


21395695.125383336 3417756.412771232


21395695.163721688 3417756.450283888


21395695.200876120 3417756.477569320


21395695.613757163 3417756.864771873


21395695.647063434 3417756.897935079


21395695.678429555 3417756.938103277


21395695.719079901 3417756.969143278


21395695.758067157 3417756.998018702


21395695.831848640 3417757.067139721


21395695.870047811 3417757.106723676


21395695.912071519 3417757.142906618


21395695.949783288 3417757.181552776


21395695.984577693 3417757.221816851


21395696.018657755 3417757.249335620


21395696.056833070 3417757.293004235


21395696.092919260 3417757.323534383


21395696.127532985 3417757.355095403


21395696.165923718 3417757.391443210


21395696.206388637 3417757.426347675


21395696.244846940 3417757.456558941


21395696.283913221 3417757.495154901


21395696.316610273 3417757.524701675


21395696.727221794 3417757.890099705


21395696.761450060 3417757.927892781


21395696.792989112 3417757.958023799


21395696.827927202 3417757.996678575


21395696.875992928 3417758.044316513


21395696.914613251 3417758.082953795


21395696.953765545 3417758.110774161


21395696.987330224 3417758.145912377


21395697.025388196 3417758.182466737


21395697.063733682 3417758.217447355


21395697.101337738 3417758.248332307


21395697.140838817 3417758.284114825


21395697.176205140 3417758.316019644


21395697.211608235 3417758.353320724


21395697.250191391 3417758.381627173


21395697.283505000 3417758.417174437


21395697.324255023 3417758.451891303


21395697.364661358 3417758.488958685


21395697.397229988 3417758.518414308


21395697.438292686 3417758.545975751


21395697.475824498 3417758.587414389


21395697.506443560 3417758.629438047


21395697.537290238 3417758.673547898


21395697.572880585 3417758.712066934


21395697.623597831 3417758.727613441


21395697.661369815 3417758.757739009


21395697.702062756 3417758.793140254


21395697.737292759 3417758.822514432


21395697.774486769 3417758.863642183


21395697.813743077 3417758.895582927


21395697.847707011 3417758.929164792


21395698.212934829 3417759.278335887


21395698.244985074 3417759.306946424


21395698.319950286 3417759.379752209


21395698.396892715 3417759.447714987


21395698.468551274 3417759.523085054


21395698.506933011 3417759.556882501


21395698.546429984 3417759.590613608


21395698.623127766 3417759.656379471


21395698.695028257 3417759.733669258


21395698.765939970 3417759.804389266


21395698.839590028 3417759.869852238


21395698.869538743 3417759.905266046


21395698.911986478 3417759.940798001


21395698.952396650 3417759.976627088


21395698.983426183 3417760.011716150


21395699.021481618 3417760.048011801


21395699.055130545 3417760.081984858


21395699.090200111 3417760.121044952


21395699.136911798 3417760.158993302


21395699.172313128 3417760.194483211


21395699.206619449 3417760.232109199


21395699.246041156 3417760.263031845


21395699.284227047 3417760.297995548


21395699.361615147 3417760.362627294


21395699.396802913 3417760.403996432


21395699.423724640 3417760.447756520


21395699.459219906 3417760.479807940


21395699.505477492 3417760.512068403


21395699.541425519 3417760.546407115


21395699.575218100 3417760.585294870


21395699.602158006 3417760.632547799


21395699.640227623 3417760.667032119


21395699.683754738 3417760.690669882


21395699.721991155 3417760.725910316


21395699.752052080 3417760.769547330


21395699.782253888 3417760.814550604


21395699.808032800 3417760.865344856


21395700.228459045 3417761.243307004


21395700.268513065 3417761.280211506


21395700.302250557 3417761.319986918


21395700.332406808 3417761.361959659


21395700.413299497 3417761.436130630


21395700.440851919 3417761.474284643


21395700.475368764 3417761.515512485


21395700.510859817 3417761.548765251


21395700.544937402 3417761.590718166


21395700.578377660 3417761.624545415


21395700.617337413 3417761.657135922


21395700.691111017 3417761.727088720


21395700.727875151 3417761.763378508


21395700.760250054 3417761.800746147


21395700.794986866 3417761.828591182


21395700.826706544 3417761.862527650


21395700.858758088 3417761.901062787


21395700.891511474 3417761.929851278


21395701.264741961 3417762.298645646


21395701.292589698 3417762.334394172


21395701.331645187 3417762.363730989


21395701.366332471 3417762.399560548


21395701.399435699 3417762.431524454


21395701.427361038 3417762.470321682


21395701.468853585 3417762.507618729


21395701.504192587 3417762.543257107


21395701.538392220 3417762.574859153


21395701.574029922 3417762.610069536


21395701.612869658 3417762.640166204


21395701.646853041 3417762.670846284


21395701.674899712 3417762.710640331


21395701.711292945 3417762.744863812


21395701.754540324 3417762.775767574


21395701.790623952 3417762.806039022


21395701.822501756 3417762.839844577


21395701.857772946 3417762.871805785


21395701.890621983 3417762.905490961


21395701.924326476 3417762.940258194


21395701.960574184 3417762.982430172


21395702.000667706 3417763.018484142


21395702.034601051 3417763.050569310


21395702.064237397 3417763.088277893


21395702.098406587 3417763.120028090


21395702.135548621 3417763.154207292


21395702.169366878 3417763.194092808


21395702.236917812 3417763.265104413


21395702.275967494 3417763.300373875


21395702.313318547 3417763.334735853


21395702.344094783 3417763.371638592


21395702.373123620 3417763.409168296


21395702.410022527 3417763.444569658


21395702.444679368 3417763.480547371


21395702.483373322 3417763.515302824


21395702.516475894 3417763.550464052


21395702.548217896 3417763.588318397


21395702.581014544 3417763.623168428


21395702.614283603 3417763.657422431


21395702.648430910 3417763.704882178


21395702.680894684 3417763.738293899


21395702.714623801 3417763.778845624


21395702.746956568 3417763.813533852


21395702.771890648 3417763.848017137


21395702.812168557 3417763.878469392


21395702.847301438 3417763.919118294


21395703.206308648 3417764.274486203


21395703.241284683 3417764.320292997


21395703.274480030 3417764.348633621


21395703.311911743 3417764.397780071


21395703.344213970 3417764.435869207


21395703.374890722 3417764.474011188


21395703.408712141 3417764.510958107


21395703.440799549 3417764.543375500


21395703.478585634 3417764.573316135


21395703.510311075 3417764.607843964


21395703.542723924 3417764.647465991


21395703.573932510 3417764.684567808


21395703.604570132 3417764.717073290


21395703.638240878 3417764.753282421


21395703.667158872 3417764.784363141


21395703.703865290 3417764.818010639


21395703.734300703 3417764.852661960


21395703.768065866 3417764.887114418


21395703.800509363 3417764.920082781


21395703.831638172 3417764.953914139


21395703.892819095 3417765.017429020


21395703.929883797 3417765.045325249


21395703.964095358 3417765.071622974


21395703.991429884 3417765.108688713


21395704.021796767 3417765.139588944


21395704.048733708 3417765.176750975


21395704.082026977 3417765.206957282


21395704.111037675 3417765.239367771


21395704.136849843 3417765.269092717


21395704.164868522 3417765.294600790


21395704.190565843 3417765.319096572


21395704.218835346 3417765.345803495


21395704.245132774 3417765.369720487


21395704.264623288 3417765.398527667


21395704.440939479 3417765.547744196


21395704.454364888 3417765.567628583


21395704.468761977 3417765.579279178


21395704.482965305 3417765.600468157


21395704.530732993 3417765.637186429


21395704.584569920 3417765.694674140


21395704.617724225 3417765.720446229


21395704.643220615 3417765.752114826


21395704.675169103 3417765.778471624


21395704.725747135 3417765.823830298


21395704.749602702 3417765.853980953


21395704.774704549 3417765.881162383


21395704.798840813 3417765.907410682


21395704.823308274 3417765.936557357


21395704.855938014 3417765.962482424


21395704.877872314 3417765.986885598


21395704.902327679 3417766.014794124


21395704.921159923 3417766.033331981


21395704.935402818 3417766.052044044


21395704.952345286 3417766.071321145


21395704.969785798 3417766.092626352


21395704.989523482 3417766.112467557


21395705.007730518 3417766.129015512


21395705.023119625 3417766.147568525


21395705.042712122 3417766.159075958


21395705.055858951 3417766.173289225


21395705.084112134 3417766.195061731


21395705.138775878 3417766.253964449


21395705.165367045 3417766.285104867


21395705.194961596 3417766.315273384


21395705.227417082 3417766.341311044


21395705.253605973 3417766.360645668


21395705.582777966 3417766.679175638


21395705.617390424 3417766.708980951


21395705.682687696 3417766.779386219


21395705.711395450 3417766.808528432


21395705.751204286 3417766.836656603


21395705.819194876 3417766.910251353


21395705.855176955 3417766.943185153


21395705.895250209 3417766.972271782


21395705.927990429 3417767.009506496


21395705.967120945 3417767.036735695


21395706.006330281 3417767.068769333


21395706.042856771 3417767.115004549


21395706.078675229 3417767.144243632


21395706.116878819 3417767.179392002


21395706.151048906 3417767.216132225


21395706.185740288 3417767.247489220


21395706.256467801 3417767.320576717


21395706.293728709 3417767.352241277


21395706.328387998 3417767.390104099


21395706.363640845 3417767.428349235


21395706.399857629 3417767.462463564


21395706.441841412 3417767.492936131


21395706.469105128 3417767.529281786


21395706.506412923 3417767.567377476


21395706.542499427 3417767.602842234


21395706.576428719 3417767.636147239


21395706.617214017 3417767.664690949


21395706.649440963 3417767.699971632


21395706.690625288 3417767.728566888


21395706.732510619 3417767.762015951


21395706.767306201 3417767.797511802


21395706.803901326 3417767.832823738


21395706.843855429 3417767.866032925


21395706.884139631 3417767.897131987


21395706.916458286 3417767.941800413


21395706.956030961 3417767.968600221


21395706.994898431 3417768.008066796


21395707.026849370 3417768.047730308


21395707.066357188 3417768.085841472


21395707.098681528 3417768.122932398


21395707.508254077 3417768.525655264


21395707.545502361 3417768.560923859


21395707.578107182 3417768.600617949


21395707.608920757 3417768.641346023


21395707.651373949 3417768.674179650


21395707.718118433 3417768.755659736


21395707.756305661 3417768.792397685


21395707.792002350 3417768.833650986


21395707.831014138 3417768.863413327


21395707.868677754 3417768.898770275


21395707.941466816 3417768.974018467


21395707.976157688 3417769.015115260


21395708.045335185 3417769.089456174


21395708.076244444 3417769.128556938


21395708.108143639 3417769.166187987


21395708.148085717 3417769.201430267


21395708.221274562 3417769.270279932


21395708.258340519 3417769.303203152


21395708.294889677 3417769.337073980


21395708.334229797 3417769.362915023


21395708.369391508 3417769.401623094


21395708.451033350 3417769.472534048


21395708.489083771 3417769.505059537


21395708.527904242 3417769.541347746


21395708.561466932 3417769.579553955


21395708.596765775 3417769.617613833


21395708.636620030 3417769.652025304


21395708.677384898 3417769.689902415


21395708.713949509 3417769.722091271


21395708.750293039 3417769.762654437


21395708.788241468 3417769.801058064


21395708.833460495 3417769.829817212


21395708.871259924 3417769.866022988


21395708.907312419 3417769.899639927


21395708.944416102 3417769.936425428


21395709.340994649 3417770.322641881


21395709.376614787 3417770.356059748


21395709.413729247 3417770.395580418


21395709.450864367 3417770.429057413


21395709.491634682 3417770.460964926


21395709.534122217 3417770.495683344


21395709.570113573 3417770.537728480


21395709.604162242 3417770.570200657


21395709.644414432 3417770.604552800


21395709.719771665 3417770.676707976


21395709.759085588 3417770.711291064


21395709.816345073 3417770.720970502


21395709.856443774 3417770.757560414


21395709.891212344 3417770.798453157


21395709.966752417 3417770.868111537


21395710.008104566 3417770.904097795


21395710.049670830 3417770.934260266


21395710.083634187 3417770.977581962


21395710.122323990 3417771.010286027


21395710.158492174 3417771.050850912


21395710.198878817 3417771.089175279


21395710.243040748 3417771.128848887


21395710.288083289 3417771.159125254


21395710.327934228 3417771.194830473


21395710.361879021 3417771.229724753


21395710.403560255 3417771.266761249


21395710.439431109 3417771.304630729


21395710.473060742 3417771.344795336


21395710.911615886 3417771.744444486


21395710.950194411 3417771.778812982


21395710.985399175 3417771.818666499


21395711.070256412 3417771.879307270


21395711.102934901 3417771.920017138


21395711.141310956 3417771.953241754


21395711.223135732 3417772.023300788


21395711.264812917 3417772.056659492


21395711.303925209 3417772.091817484


21395711.370072819 3417772.167685024


21395711.410834458 3417772.198705512


21395711.450704236 3417772.239603874


21395711.524137367 3417772.308987139


21395711.557743993 3417772.343533577


21395711.596510358 3417772.377549090


21395711.659868900 3417772.453480840


21395711.700278543 3417772.486001776


21395711.736460056 3417772.523036555


21395711.767914161 3417772.555903717


21395711.797975186 3417772.599559242


21395711.834724229 3417772.640839239


21395711.875330362 3417772.668996605


21395711.910781488 3417772.707960602


21395711.948758222 3417772.744367955


21395712.017384842 3417772.824332672


21395712.054003708 3417772.863710339


21395712.093878031 3417772.898546704


21395712.123740014 3417772.941409466


21395712.160842415 3417772.978065620


21395712.194454111 3417773.018027110


21395712.526737604 3417773.372806213


21395712.609505635 3417773.444778127


21395712.683885198 3417773.529454896


21395712.764192782 3417773.610654667


21395712.841724187 3417773.696501952


21395712.879421130 3417773.741801675


21395712.916817859 3417773.784110317


21395712.960183002 3417773.817286205


21395712.995684557 3417773.864677310


21395713.037005786 3417773.904027528


21395713.080268107 3417773.946260391


21395713.157495569 3417774.031999758


21395713.194047619 3417774.075961512


21395713.233351916 3417774.116089176


21395713.271748610 3417774.154691737


21395713.350000914 3417774.229480003


21395713.384791069 3417774.274216712


21395713.418786027 3417774.314248389


21395713.461448472 3417774.355452145


21395713.491567504 3417774.391991703


21395713.526168622 3417774.440223277


21395713.567321677 3417774.481940780


21395713.606106713 3417774.526028575


21395713.641690955 3417774.570461824


21395713.687224962 3417774.603727418


21395713.721453331 3417774.651334259


21395713.756585740 3417774.698470231


21395713.796908472 3417774.735150378


21395713.828985814 3417774.779599403


21395713.873677045 3417774.822871760


21395713.908778876 3417774.863613407


21395713.948024951 3417774.905940950


21395713.984364778 3417774.947760917


21395714.028444618 3417774.982297464


21395714.067166075 3417775.026404363


21395714.109117586 3417775.061737928


21395714.150772110 3417775.105834657


21395714.194785841 3417775.140131589


21395714.237788662 3417775.180278575


21395714.277568392 3417775.226648371


21395714.332182854 3417775.256036544


21395714.378581729 3417775.301140380


21395714.418724515 3417775.345510620


21395714.458072796 3417775.391773741


21395714.497859478 3417775.430695396


21395714.584851436 3417775.509150058


21395714.621229786 3417775.558177463


21395714.661777068 3417775.601527267


21395714.702262640 3417775.643454590


21395714.747587942 3417775.683098371


21395714.794901963 3417775.720708233


21395714.830701716 3417775.765989532


21395714.876784775 3417775.803241787


21395714.924936973 3417775.838533265


21395714.962423850 3417775.881912964


21395714.999967810 3417775.924608286


21395715.043441717 3417775.965656270


21395715.082036983 3417776.013165015


21395715.123034962 3417776.055327597


21395715.574063070 3417776.491633415


21395715.614576828 3417776.529919599


21395715.696196344 3417776.609979198


21395715.740294278 3417776.644737356


21395715.812886614 3417776.722704311


21395715.851943020 3417776.765200050


21395715.894976120 3417776.798656414


21395715.968805622 3417776.880880530


21395716.008421887 3417776.918676478


21395716.054792881 3417776.957663193


21395716.134613905 3417777.033119974


21395716.175653972 3417777.073064359


21395716.213287205 3417777.105316726


21395716.305405036 3417777.171615901


21395716.345596012 3417777.204601029


21395716.391603563 3417777.240652726


21395716.475291066 3417777.320267056


21395716.511883695 3417777.363489161


21395716.551858384 3417777.402076319


21395716.638372000 3417777.478890810


21395716.677070513 3417777.520650781


21395716.720480938 3417777.558465116


21395716.766336840 3417777.590415386


21395716.807025924 3417777.628699862


21395716.847557850 3417777.670478888


21395716.890235238 3417777.708318866


21395716.932070289 3417777.748052191


21395716.975373939 3417777.783095335


21395717.017555390 3417777.820755341


21395717.059643552 3417777.858656519


21395717.096580323 3417777.896312311


21395717.141270358 3417777.931304949


21395717.186022721 3417777.971046743


21395717.226549048 3417778.012252897


21395717.266134992 3417778.051841859


21395717.310737476 3417778.094191019


21395717.350997631 3417778.132627537


21395717.390752595 3417778.171567995


21395717.428270988 3417778.219808047


21395717.469253607 3417778.260399855


21395717.509408388 3417778.302737015


21395717.551173836 3417778.338608374


21395717.589944333 3417778.377946561


21395718.028030656 3417778.811255508


21395718.064877614 3417778.847877212


21395718.102481741 3417778.883678331


21395718.140013151 3417778.921827322


21395718.175600410 3417778.961677125


21395718.211777743 3417779.003184506


21395718.251629490 3417779.045506148


21395718.331045676 3417779.120320043


21395718.371354297 3417779.155558779


21395718.405295767 3417779.201542060


21395718.448155984 3417779.236885245


21395718.489958361 3417779.273273731


21395718.565359082 3417779.346629843


21395718.601515580 3417779.382740809


21395718.638733536 3417779.418176071


21395718.676562548 3417779.450888574


21395718.715195045 3417779.489156181


21395718.784134086 3417779.561947039


21395718.820031457 3417779.596009083


21395718.855530653 3417779.636635975


21395718.888203245 3417779.673483272


21395718.930814005 3417779.704504208


21395718.971280027 3417779.739538113


21395719.007482722 3417779.775482295


21395719.037198357 3417779.811526806


21395719.068955000 3417779.852522924


21395719.130042668 3417779.926092774


21395719.154095799 3417779.971581234


21395719.193418544 3417780.000545870


21395719.228958197 3417780.033890628


21395719.263270088 3417780.068836794


21395719.301725194 3417780.103631601


21395719.338152178 3417780.138058105


21395719.407333784 3417780.209571369


21395719.439192366 3417780.246315730


21395719.471066955 3417780.286331172


21395719.503799502 3417780.322789773


21395719.541225214 3417780.358278453


21395719.574935257 3417780.396889851


21395719.612985551 3417780.431041758


21395719.686239015 3417780.496730517


21395719.720290869 3417780.529535362


21395719.753512383 3417780.568724460


21395719.780775957 3417780.623015754


21395719.849674638 3417780.699835995


21395719.885823440 3417780.738423571


21395719.924026929 3417780.773571986


21395719.962661952 3417780.812098316


21395720.002957452 3417780.849259271


21395720.041368302 3417780.890948139


21395720.079407293 3417780.927207057


21395720.120958898 3417780.965667934


21395720.158125792 3417781.005668648


21395720.199343983 3417781.042635775


21395720.236609939 3417781.082986672


21395720.272192784 3417781.119121730


21395720.312945839 3417781.155797695


21395720.349884413 3417781.198535912


21395720.389783461 3417781.234277660


21395720.433340330 3417781.274031145


21395720.475095950 3417781.310530983


21395720.515440531 3417781.347820833


21395720.960478101 3417781.786144426


21395721.001249310 3417781.821415619


21395721.043863393 3417781.860938052


21395721.083099719 3417781.900641331


21395721.122184049 3417781.941103840


21395721.159837805 3417781.986884534


21395721.196890168 3417782.028217043


21395721.238814458 3417782.068929037


21395721.282945257 3417782.105424162


21395721.320462093 3417782.145347536


21395721.359619390 3417782.186751891


21395721.399027023 3417782.227673283


21395721.438358624 3417782.267338671


21395721.479539722 3417782.313565433


21395721.558542587 3417782.391765514


21395721.599231817 3417782.430068487


21395721.637828279 3417782.472808995


21395721.680262867 3417782.511908110


21395721.723424844 3417782.552035088


21395721.765692331 3417782.588714747


21395721.808828063 3417782.622890915


21395721.850337543 3417782.658672382


21395721.896710880 3417782.691375364


21395721.932064310 3417782.730137049


21395721.967379615 3417782.771523492


21395722.012537926 3417782.803868710


21395722.043697774 3417782.853945117


21395722.084965449 3417782.889451724


21395722.125456706 3417782.922175199


21395722.173639540 3417782.944289047


21395722.211805202 3417782.983725565


21395722.237348255 3417783.041397316


21395722.270931266 3417783.086589402


21395722.310980380 3417783.124639887


21395722.352659192 3417783.166333805


21395722.392055143 3417783.204427633


21395722.823072124 3417783.635384730


21395722.865875371 3417783.677954784


21395722.902678594 3417783.721526001


21395722.945807725 3417783.763187274


21395722.986566644 3417783.797201846


21395723.066691507 3417783.872766597


21395723.102563497 3417783.917289470


21395723.137162179 3417783.960383221


21395723.179397825 3417783.995436819


21395723.222290084 3417784.035695807


21395723.265778825 3417784.070108791


21395723.301962789 3417784.107402327


21395723.342135690 3417784.148334733


21395723.387062900 3417784.179869025


21395723.420646857 3417784.223527134


21395723.456404306 3417784.264484185


21395723.499374442 3417784.299659982


21395723.543590043 3417784.339943007


21395723.586047705 3417784.376509929


21395724.057004094 3417784.798390626


21395724.097712241 3417784.833736371


21395724.180068754 3417784.910924191


21395724.221471041 3417784.950421510


21395724.301004678 3417785.025844192


21395724.342223063 3417785.056305818


21395724.387449142 3417785.087430601


21395724.425385479 3417785.121343376


21395724.475612734 3417785.148759960


21395724.510894086 3417785.186672205


21395724.547046993 3417785.220787216


21395724.585865732 3417785.256909163


21395724.631369404 3417785.290341432


21395724.671084549 3417785.326842734


21395724.701186892 3417785.356784564


21395724.742842503 3417785.387944223


21395724.783651046 3417785.427040748


21395724.827134822 3417785.452785932


21395724.864906780 3417785.489454069


21395724.903705183 3417785.526759035


21395724.944166057 3417785.562901906


21395724.985861596 3417785.591621607


21395725.022919688 3417785.623750251


21395725.064332891 3417785.656205987


21395725.104956396 3417785.687782323


21395725.148879759 3417785.719363390


21395725.234823376 3417785.791692491


21395725.279478818 3417785.824781897


21395725.319696095 3417785.865362726


21395725.357596468 3417785.902122018


21395725.399733093 3417785.935199062


21395725.439842872 3417785.972934781


21395725.481792260 3417786.009691488


21395725.537280697 3417786.051860426


21395725.582986042 3417786.083091422


21395725.625292838 3417786.118902080


21395725.665719964 3417786.156486844


21395725.759483423 3417786.228074235


21395725.804893989 3417786.266663777


21395725.849079736 3417786.305524022


21395725.893543374 3417786.343457477


21395725.938689463 3417786.382714938


21395725.982316673 3417786.424777951


21395726.027868811 3417786.455012441


21395726.534433108 3417786.856862578


21395726.621053234 3417786.939701094


21395726.711974140 3417787.012406669


21395726.804712769 3417787.088421174


21395726.892503079 3417787.163763228


21395726.935495995 3417787.204538731


21395726.978539754 3417787.247254303


21395727.023897257 3417787.285308402


21395727.065896813 3417787.327202503


21395727.111890599 3417787.371645011


21395727.151592869 3417787.413358250


21395727.194067419 3417787.453288666


21395727.232638650 3417787.501610877


21395727.274107087 3417787.544619058


21395727.325402357 3417787.580194077


21395727.414640535 3417787.663413625


21395727.453809995 3417787.702803395


21395727.496219765 3417787.745894792


21395727.575372212 3417787.827993067


21395727.615944531 3417787.867387615


21395727.659648523 3417787.904256564


21395727.736373812 3417787.985934987


21395727.782712769 3417788.021650826


21395727.820084352 3417788.059764445


21395727.896589648 3417788.133608833


21395727.939027071 3417788.168106030


21395727.981390804 3417788.201587463


21395728.020998746 3417788.241804621


21395728.055758640 3417788.278557632


21395728.090331294 3417788.318990305


21395728.131956819 3417788.355232702


21395728.169724118 3417788.389793996


21395728.211706437 3417788.421763666


21395728.296470195 3417788.476121744


21395728.337751828 3417788.504900944


21395728.374354865 3417788.537773306


21395728.407627683 3417788.574060323


21395728.444839913 3417788.605651506


21395728.491770647 3417788.630143254


21395728.528471738 3417788.666526156


21395728.562677473 3417788.705299072


21395728.596512090 3417788.743613575


21395728.638149332 3417788.776159544


21395728.679387249 3417788.811888244


21395729.119380817 3417789.195740788


21395729.163912497 3417789.224321916


21395729.202265751 3417789.253591761


21395729.255021501 3417789.267325789


21395729.299205102 3417789.299440295


21395729.339128930 3417789.334461053


21395729.369148258 3417789.370595030


21395729.414407380 3417789.398577644


21395729.456091106 3417789.427722555


21395729.497078430 3417789.460644506


21395729.545604378 3417789.485250048


21395729.585870445 3417789.517772450


21395729.622727439 3417789.555429063


21395729.709339414 3417789.616219170


21395729.751907282 3417789.649384427


21395729.833766308 3417789.711551630


21395729.885645509 3417789.731836699


21395729.932980228 3417789.769945424


21395729.968512431 3417789.807430161


21395730.018643878 3417789.828305228


21395730.067326449 3417789.854258398


21395730.105364833 3417789.890461911


21395730.144477043 3417789.919095973


21395730.188631512 3417789.944963996


21395730.275318295 3417790.000356759


21395730.314661305 3417790.033036033


21395730.357418302 3417790.049658438


21395730.441749450 3417790.105425359


21395730.485609185 3417790.132127934


21395730.525690567 3417790.152269490


21395730.565360840 3417790.180916584


21395730.598213494 3417790.241104383


21395730.645430993 3417790.259050862


21395730.687394649 3417790.290743499


21395730.720902972 3417790.315236980


21395730.761755168 3417790.337588797


21395730.803726505 3417790.361907212


21395730.846374217 3417790.380397326


21395730.894133478 3417790.398320034


21395730.936809037 3417790.418029660


21395730.975451779 3417790.445929049


21395731.019032236 3417790.471784201


21395731.098505534 3417790.529613063


21395731.138326600 3417790.555745193


21395731.179265775 3417790.582106664


21395731.223834783 3417790.604717887


21395731.261930104 3417790.633694553


21395731.301905811 3417790.660971033


21395731.344884884 3417790.682378000


21395731.386146523 3417790.707479575


21395731.428795323 3417790.730978186


21395731.844212223 3417791.005955675


21395731.874340996 3417791.035342820


21395731.910420030 3417791.057001997


21395731.948754784 3417791.076218057


21395731.981488507 3417791.107908437


21395732.022104010 3417791.128876454


21395732.098130502 3417791.187977253


21395732.131707940 3417791.219548504


21395732.167597152 3417791.246255004


21395732.210693393 3417791.294348221


21395732.253405333 3417791.314519537


21395732.295915414 3417791.331976032


21395732.329791915 3417791.363156251


21395732.369952090 3417791.388102253


21395732.408657905 3417791.409403108


21395732.835730955 3417791.699403199


21395732.868362769 3417791.723923728


21395732.906874914 3417791.751510210


21395732.941424068 3417791.784642906


21395732.978685163 3417791.811446901


21395733.010522638 3417791.801969097


21395733.086155243 3417791.853385415


21395733.126257718 3417791.870791504


21395733.163336676 3417791.895268599


21395733.191752393 3417791.927167489


21395733.238706969 3417791.947574596


21395733.279690325 3417791.963770779


21395733.315174311 3417791.991423801


21395733.804879021 3417792.260112871


21395733.848435093 3417792.278575644


21395733.891563386 3417792.300572576


21395733.931784492 3417792.328493521


21395733.974222574 3417792.353269430


21395734.015660550 3417792.375208944


21395734.055430952 3417792.399419496


21395734.098428775 3417792.417850758


21395734.139240477 3417792.442587106


21395734.178969782 3417792.460957886


21395734.218570679 3417792.484135125


21395734.257918410 3417792.510770892


21395734.300438110 3417792.532478062


21395734.345071279 3417792.553499258


21395734.388530739 3417792.568599330


21395734.488296922 3417792.605197999


21395734.537215956 3417792.617823665


21395734.579593457 3417792.634763982


21395734.619767640 3417792.662777795


21395734.667343922 3417792.686450075


21395734.759111747 3417792.726730768


21395734.803065769 3417792.750031829


21395734.848968804 3417792.767233420


21395734.901660770 3417792.780968097


21395734.950359244 3417792.797125900


21395734.998755101 3417792.811678762


21395735.048762966 3417792.828064038


21395735.091895889 3417792.852167827


21395735.137355741 3417792.868061555


21395735.178858489 3417792.886840092


21395735.227868959 3417792.905563788


21395735.270032752 3417792.926738475


21395735.318736635 3417792.943450672


21395735.365208801 3417792.960166185


21395735.413591072 3417792.979857059


21395735.990758266 3417793.163027955


21395736.037592363 3417793.189054649


21395736.086072616 3417793.208984828


21395736.132647220 3417793.232925638


21395736.179805793 3417793.241576486


21395736.229651727 3417793.252806990


21395736.270345882 3417793.272036986


21395736.314895555 3417793.292670892


21395736.362368118 3417793.308988525


21395736.407388873 3417793.325625810


21395736.453778628 3417793.342064908


21395736.545791339 3417793.366615407


21395736.598296110 3417793.377505759


21395736.644321907 3417793.395852016


21395736.689576887 3417793.416885628


21395736.735462047 3417793.432257725


21395736.781827312 3417793.444557193


21395736.827503685 3417793.453241001


21395736.870578613 3417793.473039157


21395737.300949208 3417793.581647561


21395737.350772627 3417793.584044099


21395737.399296232 3417793.596987827


21395737.442999158 3417793.606005096


21395737.509475023 3417793.589831361


21395737.607705537 3417793.606300142


21395737.655196968 3417793.611491692


21395737.704136185 3417793.611494263


21395737.754285734 3417793.616271741


21395737.803531062 3417793.621501607


21395737.852623913 3417793.630706500


21395737.902284566 3417793.631127103


21395737.948058497 3417793.641639637


21395737.993976239 3417793.647290117


21395738.042137794 3417793.654175428


21395738.091419399 3417793.663119737


21395738.138080336 3417793.663255449


21395738.186936129 3417793.666141962


21395738.236328881 3417793.671776985


21395738.288567591 3417793.671747335


21395738.830587685 3417793.744242839


21395738.875654001 3417793.742693822


21395738.929766305 3417793.743532993


21395738.978078831 3417793.747921823


21395739.026811250 3417793.746337003


21395739.069200274 3417793.754664813


21395739.118251268 3417793.769377629


21395739.166324940 3417793.772160895


21395739.217680663 3417793.776390635


21395739.268899307 3417793.779642190


21395739.315537255 3417793.774159734


21395739.368964225 3417793.778276839


21395739.460051388 3417793.704791669


21395739.999092281 3417793.699120800


21395740.046074595 3417793.697885745


21395740.092123222 3417793.700614864


21395740.140043076 3417793.694177334


21395740.193468172 3417793.694838408


21395740.240371812 3417793.695341390


21395740.288776483 3417793.696106937


21395740.338411137 3417793.688968843


21395740.390465308 3417793.687998444


21395740.440013412 3417793.685056512


21395740.485912494 3417793.680634726


21395740.533037242 3417793.677661016


21395740.588369191 3417793.676067199


21395740.640514545 3417793.673007495


21395740.740564656 3417793.660331580


21395740.799842402 3417793.657959967


21395740.896447163 3417793.651601435


21395740.946793988 3417793.645565281


21395741.046613138 3417793.643518528


21395741.098268095 3417793.642478106


21395741.146573819 3417793.639640717


21395741.194551233 3417793.629303019


21395741.242378052 3417793.631293996


21395741.290356617 3417793.629236029


21395741.336446017 3417793.631243976


21395741.374553595 3417793.630465229


21395741.431835938 3417793.619648547


21395741.479693610 3417793.619901957


21395741.522850718 3417793.615469991


21395741.573849086 3417793.614121798


21395741.624330174 3417793.612039393


21395741.668838371 3417793.617001353


21395741.763395172 3417793.613139358


21395741.819556341 3417793.611574412


21395741.867969126 3417793.608273941


21395741.913312010 3417793.607295167


21395741.959703304 3417793.610834138


21395742.008941155 3417793.607137499


21395742.059046127 3417793.607350484


21395742.106642388 3417793.608585973


21395742.150390293 3417793.605885508


21395742.192780744 3417793.604565935


21395742.236028202 3417793.601223503


21395742.281146299 3417793.595182973


21395742.324509367 3417793.595517245


21395742.365296725 3417793.596542006


21395742.821669605 3417793.558485694


21395742.858856592 3417793.554851299


21395742.901285172 3417793.546009358


21395742.947516207 3417793.533138264


21395742.991477944 3417793.532745909


21395743.031596005 3417793.524000459


21395743.074483890 3417793.521382323


21395743.158622805 3417793.505239426


21395743.199719917 3417793.500439472


21395743.282912720 3417793.460871183


21395743.324600920 3417793.449670832


21395743.364739016 3417793.442976642


21395743.403560970 3417793.432099988


21395743.445138797 3417793.422656466


21395743.487222537 3417793.412782926


21395743.535848912 3417793.403603238


21395743.579983089 3417793.398015882


21395743.620363701 3417793.386772858


21395743.658479027 3417793.376993517


21395743.700495038 3417793.366714047


21395743.748658679 3417793.355857056


21395743.790482271 3417793.342197335


21395743.831997424 3417793.332865316


21395743.873932842 3417793.327391840


21395743.911884379 3417793.313899306


21395743.952323340 3417793.306998882


21395744.002158828 3417793.291043134


21395744.048537411 3417793.275324442


21395744.094772905 3417793.264541727


21395744.139425211 3417793.261407361


21395744.183324743 3417793.248115484


21395744.225505024 3417793.238333412


21395744.264455281 3417793.225903055


21395744.708663855 3417793.104465881


21395744.751311857 3417793.088709698


21395744.837138854 3417793.059336008


21395744.883977585 3417793.041764668


21395744.946296588 3417793.012916252


21395744.992110007 3417792.993192582


21395745.036947805 3417792.979669767


21395745.084879324 3417792.961366976


21395745.131848153 3417792.942426731


21395745.178409837 3417792.927500965


21395745.222832125 3417792.913871318


21395745.272502076 3417792.892391203


21395745.319172263 3417792.872252573


21395745.367754783 3417792.853684685


21395745.413559966 3417792.836382183


21395745.464152981 3417792.824540435


21395745.511183169 3417792.816780943


21395745.550950497 3417792.799870073


21395745.595272705 3417792.789050604


21395745.643145934 3417792.764778837


21395745.689745575 3417792.757005068


21395745.736156110 3417792.744557310


21395745.778879296 3417792.728338358


21395745.821005564 3417792.714657209


21395745.866446909 3417792.700906723


21395745.907853547 3417792.686992343


21395745.953169659 3417792.670212104


21395745.994991746 3417792.653133317


21395746.034776703 3417792.639659849


21395746.075371090 3417792.627453704


21395746.118037619 3417792.610329709


21395746.162411842 3417792.588513202


21395746.244199589 3417792.565037624


21395746.286148414 3417792.549510054


21395746.328488939 3417792.541445211


21395746.369056378 3417792.523214339


21395746.413918361 3417792.512167825


21395746.454774093 3417792.495708369


21395746.905350238 3417792.343973256


21395746.942658544 3417792.331540463


21395746.980060797 3417792.310771566


21395747.020011283 3417792.293027242


21395747.057241213 3417792.279098208


21395747.091925807 3417792.267337891


21395747.129683610 3417792.256859756


21395747.170982890 3417792.241745126


21395747.212831270 3417792.224093159


21395747.252619162 3417792.199493760


21395747.299368527 3417792.189094155


21395747.340687588 3417792.167843451


21395747.381624456 3417792.141735826


21395747.422798861 3417792.123628403


21395747.498036508 3417792.080737225


21395747.537085354 3417792.062077629


21395747.581177305 3417792.037473166


21395747.620201185 3417792.012992120


21395747.660523701 3417791.995798613


21395747.699180011 3417791.977752744


21395747.739342045 3417791.960449915


21395747.782098383 3417791.939462401


21395747.818097707 3417791.915417486


21395747.859420147 3417791.901041895


21395747.903985593 3417791.880849904


21395747.944631953 3417791.859273104


21395747.988753621 3417791.844241804


21395748.025299594 3417791.825569689


21395748.062691804 3417791.802139548


21395748.523039147 3417791.560544102


21395748.563310537 3417791.539747190


21395748.606362265 3417791.514727815


21395748.645806719 3417791.495768655


21395748.690202847 3417791.469664218


21395748.728227712 3417791.447355276


21395748.769734267 3417791.425714633


21395748.807326239 3417791.398253561


21395748.845088910 3417791.373581538


21395748.887298673 3417791.355390083


21395748.928764869 3417791.332881202


21395748.968836319 3417791.311199130


21395749.010047242 3417791.295198257


21395749.051820081 3417791.277972111


21395749.093257405 3417791.257404078


21395749.133012228 3417791.231049261


21395749.171167918 3417791.207445332


21395749.208123691 3417791.186662321


21395749.595895555 3417790.937348035


21395749.633925959 3417790.907443117


21395749.705069490 3417790.859934578


21395749.744499147 3417790.834562464


21395749.777376074 3417790.812359239


21395749.813335709 3417790.784248772


21395749.848873768 3417790.763572016


21395749.889474347 3417790.730777357


21395749.926589038 3417790.703413356


21395749.996908829 3417790.649906354


21395750.031680398 3417790.622565235


21395750.103316918 3417790.571669757


21395750.138635006 3417790.543158963


21395750.173733190 3417790.519880601


21395750.210846432 3417790.492368764


21395750.250614192 3417790.464073258


21395750.288609952 3417790.435517836


21395750.322537083 3417790.408221928


21395750.357457463 3417790.378162566


21395750.397442847 3417790.352563245


21395750.432428189 3417790.324259001


21395750.472557269 3417790.297050382


21395750.508879732 3417790.273445879


21395750.540589217 3417790.247594707


21395750.578944918 3417790.223249566


21395750.611899376 3417790.200823809


21395750.649362393 3417790.173216151


21395750.685106944 3417790.147565837


21395750.717660807 3417790.123295835


21395750.755200576 3417790.097018100


21395750.791613508 3417790.071250371


21395750.829377811 3417790.041847058


21395750.864451103 3417790.020916099


21395750.899401315 3417789.992279529


21395750.972901035 3417789.949349902


21395751.007891789 3417789.916702436


21395751.045441009 3417789.894656889


21395751.079179395 3417789.867621567


21395751.113664962 3417789.840375652


21395751.156586483 3417789.824875566


21395751.191865779 3417789.797289232


21395751.229477011 3417789.778329503


21395751.268827338 3417789.752995131


21395751.303782370 3417789.726483895


21395751.343799278 3417789.710642540


21395751.376117062 3417789.693213027


21395751.397999398 3417789.658438813


21395751.437568739 3417789.642472459


21395751.476653207 3417789.620929407


21395751.509245813 3417789.597361327


21395751.542987276 3417789.580435397


21395751.573009998 3417789.556522781


21395751.613588400 3417789.536147963


21395751.646417450 3417789.505776358


21395751.684046008 3417789.488590690


21395751.716954462 3417789.466350202


21395752.118938711 3417789.164058424


21395752.147948217 3417789.134334009


21395752.184497457 3417789.115994545


21395752.224674661 3417789.095346421


21395752.256900601 3417789.068510688


21395752.293083347 3417789.046922048


21395752.325296536 3417789.017147869


21395752.356272567 3417788.992911761


21395752.392806407 3417788.964832660


21395752.422793943 3417788.937316486


21395752.454474870 3417788.910171888


21395752.486997042 3417788.881023068


21395752.560065564 3417788.831481261


21395752.592810471 3417788.803919680


21395752.655099437 3417788.736075491


21395752.642899498 3417788.637613928


21395752.678447127 3417788.608121377


21395752.706877578 3417788.577866654


21395752.737860650 3417788.544556028


21395752.768663459 3417788.512374537


21395752.796696320 3417788.477318489


21395752.832913235 3417788.447800923


21395752.865077641 3417788.414663577


21395752.898586687 3417788.378833273


21395752.928355590 3417788.346883659


21395752.962914240 3417788.317326840


21395752.999369707 3417788.282853885


21395753.029638987 3417788.248275001


21395753.057261094 3417788.211966218


21395753.086911861 3417788.180978798


21395753.119758241 3417788.147483644


21395753.149317101 3417788.113613997


21395753.212357219 3417788.045965774


21395753.236556400 3417788.016639485


21395753.265663780 3417787.985509520


21395753.293433316 3417787.954503508


21395753.322481021 3417787.915630348


21395753.353946738 3417787.884403428


21395753.382189706 3417787.849641035


21395753.408238124 3417787.808893560


21395753.442699824 3417787.780834698


21395753.494557325 3417787.710745215


21395753.519070011 3417787.672711046


21395753.549762689 3417787.640678486


21395753.580042019 3417787.608760852


21395753.608566068 3417787.575030682


21395753.930984136 3417787.117217280


21395753.956968985 3417787.086284142


21395753.986351792 3417787.057239906


21395754.011477161 3417787.016649300


21395754.039931379 3417786.980665063


21395754.071261764 3417786.945373522


21395754.100633800 3417786.913594118


21395754.128341988 3417786.881202591


21395754.156910792 3417786.847157798


21395754.183960944 3417786.809413042


21395754.216681805 3417786.771224798


21395754.272480130 3417786.703111329


21395754.299359515 3417786.669101516


21395754.325098291 3417786.626028392


21395754.353760328 3417786.612959271


21395754.381631043 3417786.579253965


21395754.409425545 3417786.539376559


21395754.443195410 3417786.509032740


21395754.472376719 3417786.477310646


21395754.500771753 3417786.445060265


21395754.530318469 3417786.411578854


21395754.561387990 3417786.377324828


21395754.592320550 3417786.338839864


21395754.618408430 3417786.303765849


21395754.643307585 3417786.267760882


21395754.674447604 3417786.237461225


21395754.701604217 3417786.205721939


21395754.733801663 3417786.175966403


21395754.765344139 3417786.141171797


21395754.794320397 3417786.104775868


21395754.825964343 3417786.078740535


21395754.850852612 3417786.038355541


21395754.880520891 3417786.004263055


21395754.911236614 3417785.966427059


21395754.937733278 3417785.932402504


21395754.969861429 3417785.900448340


21395755.030803680 3417785.833448987


21395755.062218040 3417785.800226565


21395755.096738938 3417785.768433853


21395755.128010079 3417785.728707317


21395755.156937804 3417785.697135553


21395755.189240146 3417785.661797562


21395755.213201273 3417785.614620406


21395755.247300401 3417785.580447691


21395755.282261834 3417785.557854500


21395755.312509418 3417785.527582041


21395755.348777954 3417785.498452092


21395755.379870392 3417785.471442621


21395755.405343797 3417785.438740251


21395755.437004771 3417785.403020409


21395755.464551166 3417785.367118967


21395755.492439270 3417785.333561345


21395755.520696927 3417785.298669444


21395755.550299827 3417785.269308879


21395755.584903974 3417785.239511364


21395755.614067428 3417785.205959773


21395755.646542039 3417785.175203529


21395755.679256953 3417785.141303075


21395755.707088817 3417785.110148610


21395755.738036361 3417785.073197469


21395755.770503219 3417785.041646596


21395755.801794577 3417785.013785031


21395755.831036944 3417784.976887506


21395755.866210107 3417784.944959057


21395755.898719553 3417784.912871801


21395755.929150112 3417784.881747406


21395755.961335409 3417784.852380106


21395755.998895783 3417784.823311472


21395756.354108628 3417784.473627779


21395756.383967895 3417784.437870089


21395756.422029611 3417784.409535826


21395756.449699137 3417784.374816003


21395756.523365114 3417784.319520624


21395756.556329470 3417784.289942423


21395756.588139322 3417784.254775579


21395756.621822767 3417784.220477554


21395756.654690463 3417784.189163031


21395756.687429689 3417784.159383730


21395756.718610313 3417784.123446805


21395756.753026683 3417784.092375901


21395756.792615119 3417784.060404343


21395756.827929638 3417784.026626360


21395756.861716658 3417783.993140515


21395756.894576780 3417783.956152224


21395756.924611386 3417783.925290438


21395756.964115851 3417783.901044996


21395757.000353482 3417783.875279002


21395757.023053341 3417783.839332478


21395757.084829167 3417783.777703135


21395757.114018850 3417783.745204743


21395757.144766647 3417783.712284540


21395757.175406955 3417783.686314458


21395757.213893577 3417783.659047979


21395757.246012900 3417783.626188310


21395757.282428216 3417783.590865610


21395757.344900634 3417783.525477709


21395757.376328841 3417783.495304618


21395757.408225369 3417783.462484089


21395757.440500904 3417783.432561468


21395757.507183068 3417783.360774802


21395757.539985027 3417783.329257625


21395757.574314844 3417783.297485269


21395757.609192740 3417783.266335935


21395757.650092982 3417783.238103330


21395757.690576322 3417783.212887290


21395757.729325138 3417783.183086277


21395757.759269342 3417783.152761344


21395757.795336392 3417783.120953545


21395757.824644521 3417783.084258680


21395757.854658134 3417783.047982003


21395757.922840483 3417782.984534362


21395757.963324193 3417782.954457669


21395757.994026460 3417782.918506936


21395758.033001319 3417782.893897038


21395758.063964151 3417782.860143069


21395758.103231579 3417782.829579249


21395758.140911419 3417782.802949024


21395758.506028078 3417782.445535818


21395758.531440560 3417782.409858517


21395758.552038509 3417782.375780677


21395758.588365957 3417782.341253549


21395758.616862252 3417782.299779886


21395758.645826925 3417782.268725257


21395758.672558550 3417782.234273341


21395758.708791442 3417782.204755640


21395758.741125267 3417782.171006768


21395758.780888628 3417782.145520540


21395758.810657565 3417782.108673326


21395758.848525494 3417782.084979838


21395758.887056395 3417782.055716922


21395758.942725819 3417781.982559271


21395758.975682430 3417781.947288830


21395759.014530018 3417781.921072281


21395759.043886572 3417781.882806016


21395759.067472748 3417781.846203987


21395759.129735570 3417781.777306647


21395759.161872949 3417781.741397350


21395759.195897881 3417781.706153443


21395759.231407352 3417781.680912048


21395759.264004096 3417781.649600178


21395759.294862282 3417781.610025540


21395759.324477661 3417781.567247244


21395759.351241771 3417781.531224081


21395759.379917197 3417781.490136785


21395759.434245352 3417781.416751972


21395759.465319533 3417781.384604817


21395759.496857464 3417781.355872223


21395759.561886929 3417781.281347955


21395759.595127631 3417781.249050275


21395759.631162338 3417781.215560975


21395759.660688937 3417781.178383464


21395759.688036863 3417781.136847091


21395759.723344244 3417781.105601164


21395759.757498320 3417781.070522328


21395759.787238449 3417781.029091972


21395759.822560567 3417780.996090151


21395759.852234352 3417780.960925693


21395759.887636773 3417780.921454540


21395759.917731546 3417780.880427312


21395759.951858554 3417780.847474125


21395759.987827763 3417780.812174271


21395760.017116718 3417780.770249317


21395760.049128029 3417780.734489108


21395760.078661371 3417780.691471355


21395760.113948483 3417780.654884453


21395760.147387575 3417780.611884010


21395760.182333581 3417780.571382344


21395760.208242860 3417780.527808567


21395760.237052307 3417780.482487686


21395760.595091589 3417780.081028156


21395760.628974944 3417780.039446457


21395760.658007178 3417780.008779287


21395760.724138182 3417779.922988995


21395760.757664125 3417779.882353347


21395760.793670092 3417779.842654524


21395760.823452398 3417779.802277206


21395760.866907626 3417779.771228952


21395760.900429666 3417779.733457984


21395760.933640733 3417779.685063152


21395760.967784345 3417779.653810109


21395760.991988704 3417779.603784432


21395761.022047214 3417779.563940383


21395761.052921832 3417779.526047414


21395761.087933108 3417779.488964206


21395761.121084560 3417779.455687878


21395761.155065231 3417779.422440419


21395761.190120839 3417779.386632008


21395761.230152845 3417779.356005291


21395761.589018863 3417778.921659013


21395761.639936965 3417778.889225702


21395761.673764560 3417778.856626594


21395761.749500237 3417778.781461840


21395761.789172560 3417778.745016943


21395761.827666793 3417778.713629018


21395761.866775930 3417778.683177647


21395761.903086979 3417778.646968867


21395761.944839571 3417778.616232947


21395761.990496218 3417778.586974395


21395762.026843477 3417778.551208820


21395762.072680697 3417778.517586855


21395762.114354614 3417778.483691353


21395762.149471764 3417778.439491711


21395762.177309517 3417778.387711775


21395762.208208203 3417778.345752629


21395762.250132468 3417778.306476547


21395762.295578834 3417778.276905863


21395762.334615499 3417778.242296850


21395762.373395450 3417778.204252772


21395762.420845997 3417778.175863822


21395762.456808548 3417778.134982610


21395762.499532375 3417778.099228702


21395762.547116939 3417778.071503781


21395762.586497601 3417778.031309977


21395762.625232145 3417777.991880225


21395762.670541678 3417777.954825843


21395762.707277749 3417777.916432092


21395762.744848281 3417777.878603120


21395762.783793282 3417777.844401598


21395762.825245246 3417777.812264016


21395762.868350428 3417777.774750638


21395762.900156897 3417777.729437467


21395762.945068307 3417777.692423937


21395762.980294984 3417777.659441540


21395763.010316219 3417777.619043417


21395763.048209634 3417777.578365132


21395763.088470235 3417777.533597790


21395763.175458387 3417777.463128389


21395763.217817474 3417777.425936482


21395763.258943975 3417777.393118263


21395763.294867739 3417777.353161511


21395763.334509633 3417777.316864769


21395763.368632939 3417777.276999522


21395763.402734350 3417777.241422214


21395763.443617556 3417777.204910056


21395763.479106676 3417777.162887614


21395763.529376857 3417777.131033566


21395763.564280611 3417777.087834019


21395763.599476870 3417777.045204543


21395763.638883170 3417777.002737259


21395763.686180349 3417776.968435710


21395763.725074172 3417776.932257164


21395764.130581707 3417776.505827738


21395764.174838271 3417776.475215231


21395764.216867208 3417776.436862214


21395764.249287032 3417776.390692906


21395764.283704840 3417776.346703397


21395764.321341734 3417776.302608533


21395764.364514958 3417776.262266817


21395764.407927871 3417776.225249443


21395764.463738244 3417776.200807862


21395764.498560451 3417776.144357829


21395764.542014156 3417776.101721659


21395764.618764427 3417776.016178862


21395764.654820405 3417775.976701346


21395764.690210827 3417775.939263299


21395764.726161968 3417775.898844245


21395764.769029148 3417775.861444088


21395764.801781960 3417775.823255568


21395764.840223834 3417775.778339657


21395765.199750233 3417775.313640331


21395765.241748217 3417775.260687181


21395765.289576773 3417775.223663663


21395765.333081067 3417775.184575464


21395765.379506581 3417775.142631066


21395765.419138037 3417775.100364889


21395765.456336323 3417775.053797779


21395765.496322781 3417775.011971694


21395765.541073192 3417774.974793414


21395765.572152052 3417774.930060284


21395765.652431246 3417774.846756271


21395765.739613131 3417774.765103654


21395765.774675760 3417774.716949503


21395765.819233030 3417774.681214672


21395765.855478138 3417774.631718302


21395765.927031111 3417774.529796144


21395765.965383735 3417774.483901585


21395766.020328987 3417774.460651280


21395766.065651964 3417774.423338042


21395766.107479356 3417774.383933552


21395766.148943748 3417774.340004622


21395766.198474366 3417774.299342101


21395766.240699954 3417774.258270383


21395766.288135689 3417774.215299638


21395766.325868834 3417774.169632909


21395766.375644494 3417774.134475505


21395766.425033458 3417774.098896800


21395766.466531359 3417774.055133877


21395766.500617471 3417774.003292948


21395766.542320602 3417773.959324725


21395766.600541547 3417773.928705259


21395766.632985935 3417773.880151599


21395766.666297864 3417773.829020528


21395766.718415082 3417773.796945168


21395766.761802036 3417773.757266711


21395766.796948098 3417773.711126238


21395766.844847463 3417773.674822817


21395766.881578770 3417773.624508516


21395766.916867200 3417773.583153381


21395767.009102009 3417773.509620293


21395767.056516152 3417773.472600827


21395767.101192474 3417773.431098591


21395767.145644438 3417773.392740413


21395767.184681986 3417773.350054965


21395767.272217996 3417773.268750051


21395767.320739243 3417773.235730279


21395767.354510590 3417773.192467873


21395767.394211408 3417773.150773956


21395767.442448333 3417773.116389324


21395767.491630565 3417773.082494467


21395767.904519144 3417772.670759907


21395767.934988827 3417772.627307959


21395767.955049414 3417772.574106963


21395768.024267990 3417772.495956429


21395768.050115976 3417772.446099537


21395768.092290577 3417772.398171663


21395768.119694266 3417772.354176722


21395768.146368288 3417772.302389684


21395768.210238077 3417772.218469678


21395768.230467502 3417772.169499315


21395768.271029782 3417772.132768531


21395768.333034813 3417772.053782828


21395768.365113258 3417772.011830665


21395768.514637370 3417772.062063771


21395768.569487881 3417771.968695336


21395768.598406199 3417771.919824957


21395768.626753584 3417771.871255857


21395768.663333379 3417771.828280224


21395768.683182653 3417771.782825070


21395768.699401438 3417771.729624622


21395768.707231671 3417771.666267284


21395768.735455967 3417771.544678709


21395768.742187448 3417771.481442987


21395768.758420371 3417771.428057585


21395768.765292123 3417771.362861448


21395768.784086935 3417771.305736238


21395768.794184562 3417771.242763358


21395768.813976649 3417771.191450106


21395768.825968429 3417771.136350362


21395768.848335281 3417771.080982989


21395769.247320976 3417771.282935328


21395769.255740918 3417771.216300996


21395769.271825761 3417771.160810141


21395769.292180728 3417771.106737641


21395769.310021505 3417771.054759624


21395769.326375093 3417771.000670744


21395769.343615115 3417770.937775984


21395769.367361255 3417770.883263781


21395769.387722187 3417770.824903499


21395769.413357001 3417770.784234033


21395769.443253607 3417770.731066380


21395769.462858811 3417770.678572135


21395769.487399355 3417770.620522196


21395769.506014623 3417770.564600043


21395769.539071050 3417770.521584885


21395769.842338260 3417769.981438790


21395769.856729895 3417769.925594836


21395769.870669212 3417769.865874169


21395769.881280452 3417769.809789901


21395769.886685360 3417769.736402269


21395769.898875080 3417769.616670549


21395769.912866008 3417769.557337494


21395769.935340233 3417769.503170377


21395769.947170470 3417769.442952818


21395769.953372378 3417769.317310013


21395769.994281624 3417769.278561359


21395770.043215342 3417769.245334276


21395770.073928598 3417769.199070758


21395770.111659009 3417769.154753225


21395770.149088308 3417769.112249825


21395770.212101553 3417769.023865655


21395770.255638923 3417768.978364052


21395770.284411222 3417768.925965125


21395770.308019925 3417768.875335394


21395770.331306171 3417768.821067944


21395770.364215963 3417768.776095177


21395770.393799372 3417768.728401130


21395770.431056406 3417768.686213600


21395771.640690643 3417768.805881834


21395771.686698884 3417768.768543449


21395771.729280189 3417768.719816913


21395771.768557657 3417768.675576689


21395771.810007539 3417768.633422155


21395771.895866301 3417768.548492788


21395771.933942694 3417768.508588979


21395771.972068220 3417768.472085298


21395772.015653465 3417768.434752089


21395772.055636596 3417768.395846150


21395772.098404057 3417768.353124305


21395772.126646627 3417768.303613681


21395772.180581007 3417768.271520608


21395772.220376588 3417768.234630991


21395772.260603879 3417768.191342538


21395772.301306758 3417768.154314694


21395772.343782425 3417768.115994314


21395772.380232882 3417768.064666288


21395772.426962137 3417768.029335358


21395772.474749494 3417767.991351235


21395772.513681699 3417767.952566447


21395772.554857124 3417767.911689825


21395772.586825058 3417767.791469314


21395772.598529905 3417767.728203523


21395772.619800258 3417767.671553155


21395772.628278628 3417767.607635047


21395772.642320830 3417767.543755027


21395772.653607506 3417767.488274060


21395772.664068639 3417767.426609826


21395772.670491170 3417767.357851136


21395772.687635805 3417767.303144648


21395772.715521634 3417767.186068895


21395772.724787787 3417767.121200535


21395772.742979892 3417767.052955314


21395772.746579006 3417766.982376032


21395772.762912247 3417766.916403709


21395773.247242045 3417767.223995314


21395773.254506066 3417767.156522118


21395773.263933707 3417767.098397955


21395773.268250104 3417767.032709286


21395773.288796619 3417766.977027029


21395773.324116144 3417766.929055213


21395773.365970548 3417766.885880250


21395773.402483318 3417766.839301382


21395773.421249658 3417766.779256374


21395773.453740731 3417766.724048913


21395774.052624237 3417766.388361638


21395774.075358879 3417766.331475199


21395774.091508243 3417766.271160035


21395774.111877881 3417766.208789178


21395774.121779956 3417766.135579425


21395774.153566983 3417766.080101619


21395774.183563542 3417766.024105326


21395774.220497485 3417765.976579790


21395774.282044657 3417765.880078070


21395774.312692393 3417765.823835161


21395774.385589126 3417765.722380468


21395774.411760431 3417765.659916010


21395774.468956646 3417765.553716980


21395774.511868317 3417765.506170051


21395774.545615964 3417765.458841958


21395774.575757172 3417765.409497620


21395774.615337152 3417765.365217491


21395774.883488715 3417765.498051037


21395774.920951623 3417765.449189669


21395774.953437343 3417765.396699057


21395774.988022950 3417765.343762869


21395775.024415486 3417765.301195683


21395775.068051234 3417765.255970364


21395775.097443100 3417765.206614861


21395775.127827864 3417765.154458947


21395775.172490127 3417765.108244084


21395775.215882260 3417765.067456722


21395775.246728014 3417765.015166937


21395775.280390859 3417764.964050952


21395775.316339921 3417764.918512566


21395775.362048898 3417764.878275513


21395775.392897047 3417764.829497204


21395775.422251862 3417764.782877336


21395775.467118803 3417764.741299350


21395775.505772375 3417764.695198593


21395775.564526886 3417764.593493860


21395775.607547674 3417764.548958366


21395775.749341674 3417764.566665556


21395775.785099890 3417764.519539617


21395775.820087221 3417764.476727411


21395775.849284869 3417764.428704480


21395775.885575343 3417764.383846577


21395775.929035455 3417764.341857252


21395775.972982541 3417764.297497532


21395776.393389974 3417763.841056941


21395776.434577532 3417763.796520866


21395776.470901988 3417763.753510791


21395776.581491984 3417763.744354717


21395776.655718442 3417763.661534962


21395776.697318792 3417763.621726139


21395776.729123794 3417763.579517930


21395776.766146284 3417763.537794753


21395776.805140775 3417763.500487900


21395776.842262398 3417763.457488527


21395776.882515702 3417763.416861184


21395776.905777607 3417763.374791823


21395776.924687039 3417763.329401305


21395776.938808396 3417763.280157922


21395776.948677078 3417763.223119871


21395776.967291363 3417763.175255706


21395776.981176998 3417763.123094536


21395777.000239026 3417763.080271468


21395777.024566900 3417763.037988404


21395777.042515986 3417762.992200669


21395777.061234981 3417762.948530797


21395777.082505696 3417762.906610248


21395777.086380474 3417762.851201643


21395777.445583593 3417762.941137772


21395777.467164982 3417762.898382518


21395777.490382563 3417762.855038362


21395777.841199137 3417762.505564699


21395777.878208704 3417762.465782217


21395777.909617506 3417762.425444518


21395777.943276245 3417762.391867591


21395777.975491580 3417762.357399158


21395778.011716731 3417762.320544421


21395778.038315166 3417762.290400065


21395778.080077171 3417762.267149154


21395778.174412325 3417762.250352560


21395778.201671407 3417762.214398541


21395778.238707531 3417762.185501444


21395778.267815426 3417762.149510896


21395778.298191387 3417762.114413567


21395778.330009744 3417762.078470483


21395778.358014312 3417762.043765935


21395778.373205025 3417762.014250429


21395778.394891538 3417761.983895283


21395778.408406209 3417761.945987025


21395778.423146851 3417761.906292568


21395778.439962395 3417761.875023933


21395778.459506743 3417761.842416466


21395778.476055406 3417761.808304275


21395778.493122377 3417761.776663553


21395778.508878335 3417761.739731421


21395778.527422048 3417761.704232115


21395778.827068634 3417761.475702399


21395778.831614327 3417761.448194413


21395778.844863456 3417761.428807280


21395778.853220493 3417761.411242133


21395778.863710854 3417761.395023798


21395778.877114806 3417761.376799489


21395778.889109634 3417761.356297226


21395778.900558025 3417761.330440640


21395778.907751374 3417761.301446763


21395778.933413841 3417761.268502348


21395778.959179956 3417761.229846116


21395778.977993805 3417761.192625391


21395778.991436332 3417761.165289295


21395779.016441960 3417761.133645002


21395779.038512211 3417761.109939474


21395779.051268809 3417761.077657015


21395779.078215878 3417761.048932339


21395779.105647165 3417761.014288833


21395779.120241858 3417760.987403528


21395779.132735044 3417760.960797481


21395779.152129963 3417760.937376815


21395779.183984570 3417760.887184092


21395779.193629537 3417760.867647327


21395779.202612977 3417760.848930210


21395779.217697445 3417760.831391797


21395779.232038938 3417760.817760248


21395779.251458816 3417760.795263418


21395779.279364221 3417760.753666215


21395779.303690761 3417760.722675406


21395779.330359951 3417760.689979907


21395779.352165028 3417760.657073149


21395779.386153758 3417760.624638862


21395779.710505191 3417760.570426403


21395779.741232619 3417760.533773194


21395779.768538196 3417760.499315734


21395779.797451086 3417760.466210219


21395779.823560830 3417760.431727469


21395779.859484456 3417760.398276290


21395779.895340174 3417760.364400700


21395779.925753694 3417760.323351942


21395780.304026183 3417759.902548715


21395780.345376693 3417759.864904691


21395780.384648196 3417759.826578661


21395780.457516838 3417759.741831625


21395780.495426565 3417759.699545353


21395780.528109603 3417759.655831579


21395780.611039404 3417759.571318996


21395780.642579168 3417759.531331177


21395780.683531813 3417759.487222489


21395780.726635039 3417759.442963436


21395780.764274817 3417759.402417068


21395780.801218916 3417759.355926426


21395780.844314571 3417759.310891220


21395780.883312836 3417759.265803608


21395780.922078606 3417759.227926076


21395781.002582766 3417759.141515092


21395781.046270352 3417759.096695889


21395781.084995855 3417759.046528507


21395781.119834587 3417759.006453041


21395781.158566378 3417758.966727685


21395781.190664705 3417758.923537105


21395781.232988585 3417758.877825619


21395781.277050965 3417758.832208049


21395781.318688218 3417758.794542748


21395781.359821074 3417758.750931306


21395781.405243870 3417758.702602148


21395781.446532086 3417758.660208974


21395781.493334401 3417758.616024701


21395781.532365747 3417758.572692517


21395782.028769676 3417758.074259438


21395782.073142741 3417758.027807169


21395782.121850897 3417757.984528373


21395782.166948501 3417757.946977149


21395782.213461317 3417757.904163344


21395782.311698537 3417757.821682170


21395782.354543600 3417757.783635450


21395782.403959949 3417757.745949659


21395782.448169738 3417757.710532482


21395782.492349662 3417757.665523664


21395782.590163194 3417757.583730446


21395782.628774695 3417757.544745532


21395782.675011076 3417757.498108743


21395782.715841372 3417757.461061216


21395782.761345886 3417757.426001032


21395782.846541494 3417757.341706610


21395782.883071449 3417757.306678592


21395782.921779066 3417757.269374563


21395782.963133629 3417757.230510725


21395783.137745079 3417757.143144137


21395783.180122420 3417757.106173918


21395783.219114363 3417757.070234751


21395783.259801321 3417757.034833485


21395783.294481996 3417756.993262564


21395783.334668834 3417756.949087434


21395783.368520923 3417756.918983174


21395783.411024995 3417756.883564170


21395783.444810878 3417756.846677820


21395783.480011288 3417756.812623824


21395783.859925363 3417756.426051052


21395783.894110642 3417756.389253213


21395783.929391474 3417756.355272357


21395783.992664166 3417756.283648528


21395784.020208269 3417756.245862068


21395784.040307958 3417756.209719213


21395784.065788686 3417756.174484870


21395784.088596851 3417756.138186204


21395784.113297783 3417756.107986461


21395784.135514688 3417756.068274478


21395784.157243337 3417756.035701145


21395784.186662585 3417756.005473824


21395784.232746437 3417755.941576748


21395784.260728125 3417755.904525281


21395784.291591339 3417755.870347292


21395784.364935100 3417755.804871921


21395784.405206852 3417755.771027166


21395784.436571959 3417755.732741368


21395784.702066392 3417755.626024552


21395784.742366839 3417755.590220471


21395784.774092596 3417755.556218879


21395784.848988723 3417755.484832738


21395784.883508757 3417755.443134019


21395784.920247331 3417755.404980585


21395784.997462381 3417755.322926428


21395785.031186432 3417755.287870362


21395785.054106735 3417755.246728435


21395785.086122241 3417755.209748483


21395785.126469009 3417755.134596695


21395785.159056980 3417755.090939309


21395785.199970059 3417755.054205171


21395785.236871526 3417755.014774921


21395785.274442162 3417754.973674798


21395785.346617687 3417754.897935089


21395785.385725927 3417754.857577700


21395785.426543992 3417754.814375942


21395785.465023663 3417754.774948769


21395785.499361213 3417754.730886192


21395785.537153333 3417754.686346338


21395785.583102886 3417754.602157819


21395785.609066270 3417754.564109570


21395785.636567075 3417754.526785578


21395785.660978459 3417754.476720981


21395785.684595127 3417754.433428394


21395785.708384603 3417754.389875378


21395785.726757418 3417754.348297322


21395785.751381006 3417754.300374515


21395785.782148670 3417754.259673470


21395786.318730213 3417753.781399914


21395786.353843551 3417753.746589033


21395786.390029743 3417753.702471450


21395786.428045519 3417753.654713624


21395786.468123741 3417753.614106511


21395786.507361490 3417753.573951161


21395786.545639798 3417753.533490990


21395786.589781303 3417753.494341220


21395786.632155441 3417753.452140765


21395786.671579417 3417753.411466114


21395786.712145213 3417753.371815284


21395786.751859188 3417753.326554374


21395786.790783804 3417753.285348631


21395787.245129772 3417752.802666063


21395787.290576674 3417752.755168369


21395787.336017918 3417752.708724179


21395787.374881506 3417752.662898643


21395787.417244237 3417752.616262725


21395787.566729993 3417752.471478989


21395787.614329766 3417752.425697549


21395787.657240994 3417752.382992852


21395787.698920436 3417752.333314146


21395787.743589170 3417752.291017369


21395787.784037538 3417752.239336191


21395787.813239802 3417752.186877675


21395787.840176340 3417752.137472252


21395787.902394772 3417752.050925630


21395787.927090261 3417751.998936183


21395787.955863092 3417751.954743120


21395787.985463273 3417751.912020506


21395788.066534694 3417751.824920225


21395788.099480890 3417751.778764341


21395788.134257555 3417751.733958225


21395788.161659561 3417751.694676158


21395788.195314199 3417751.647607762


21395788.224432472 3417751.602875361


21395788.254760157 3417751.562825475


21395788.283025309 3417751.522148863


21395788.528746177 3417751.434346992


21395788.560966648 3417751.395498412


21395788.604897000 3417751.351046504


21395788.648147717 3417751.307192640


21395788.695761178 3417751.272610902


21395788.738845032 3417751.234524915


21395788.787795044 3417751.191521017


21395788.821604379 3417751.148868207


21395788.861066926 3417751.108877007


21395788.899816405 3417751.067691465


21395788.943526179 3417751.026771691


21395789.032701436 3417750.945155265


21395789.077143993 3417750.910715369


21395789.118538257 3417750.867748262


21395789.160876323 3417750.826749471


21395789.207275800 3417750.788649604


21395789.257749449 3417750.751489493


21395789.303887397 3417750.712726842


21395789.348363787 3417750.670321061


21395789.386793230 3417750.624111659


21395789.450743716 3417750.478203832


21395789.495552182 3417750.438788823


21395789.580239505 3417750.357936992


21395789.626699921 3417750.317914450


21395789.668713655 3417750.279617136


21395789.711557712 3417750.236561954


21395789.758207917 3417750.193118469


21395789.803723663 3417750.159204065


21395789.847758323 3417750.115638260


21395790.341373160 3417749.672714488


21395790.440787893 3417749.590000121


21395790.531386558 3417749.507223960


21395790.616497789 3417749.420805048


21395790.711403195 3417749.348096265


21395790.808688939 3417749.264478605


21395790.852289908 3417749.227108363


21395790.898138545 3417749.189734662


21395790.944918193 3417749.148119595


21395790.991666436 3417749.108186658


21395791.041135591 3417749.074270634


21395791.087279409 3417749.029575353


21395791.127846695 3417748.985174763


21395791.173942745 3417748.943751187


21395791.244424857 3417748.714113564


21395791.289919958 3417748.671549997


21395791.331246987 3417748.629858784


21395791.376421135 3417748.587076570


21395791.423117593 3417748.546737546


21395791.909528363 3417748.077806680


21395791.957984142 3417748.038060378


21395792.002814524 3417747.999255059


21395792.049003199 3417747.960787633


21395792.094607905 3417747.918019700


21395792.138299171 3417747.878467756


21395792.183752183 3417747.833224776


21395792.614744011 3417747.420686181


21395792.654819686 3417747.381446756


21395792.701254811 3417747.340463434


21395792.740228243 3417747.302620883


21395792.782653298 3417747.265631757


21395792.823308870 3417747.228641422


21395792.915040299 3417747.134525025


21395792.994350821 3417747.056460978


21395793.071461331 3417746.991447908


21395793.113436174 3417746.952430206


21395793.153554130 3417746.915888678


21395793.192439523 3417746.873925601


21395793.269271139 3417746.803204451


21395793.342649937 3417746.729874140


21395793.376955464 3417746.690691038


21395793.449350402 3417746.616187511


21395793.486256376 3417746.578845665


21395793.519805618 3417746.545473158


21395793.550976925 3417746.508556918


21395793.589974463 3417746.474817045


21395793.613427185 3417746.424521565


21395793.644547291 3417746.390525913


21395793.673915278 3417746.361574350


21395793.703887615 3417746.325945041


21395793.762402508 3417746.261723378


21395793.789263956 3417746.229118447


21395793.819680851 3417746.196571222


21395793.842478864 3417746.170659319


21395793.849005446 3417746.143575565


21395793.877643839 3417746.141133690


21395793.896710247 3417746.126513484


21395793.913632121 3417746.101231865


21395793.923168771 3417746.073859988


21395793.942178082 3417746.046857690


21395793.958112687 3417746.015154124


21395793.971762907 3417745.973160141


21395793.994338691 3417745.942445199


21395794.009747747 3417745.899362118


21395794.025355536 3417745.873372544


21395794.055085059 3417745.835731117


21395794.144595891 3417745.806451256


21395794.396394685 3417745.523092196


21395794.413094401 3417745.504447629


21395794.430751629 3417745.489175843


21395794.470441621 3417745.456149993


21395794.492765367 3417745.427378078


21395794.528036281 3417745.394007251


21395794.559375610 3417745.367771721


21395794.581316646 3417745.334087444


21395794.628304861 3417745.277906885


21395794.650571007 3417745.244866292


21395794.700235978 3417745.180379864


21395794.722256806 3417745.153237285


21395794.749977626 3417745.118849739


21395794.767700721 3417745.087461385


21395794.821262874 3417745.015581256


21395794.880006142 3417744.943724483


21395794.909518316 3417744.914845441


21395794.943120915 3417744.883671723


21395794.972059645 3417744.849937629


21395795.002491858 3417744.823858805


21395795.035902686 3417744.795902753


21395795.104242649 3417744.738756045


21395795.137253091 3417744.704076611


21395795.255324427 3417744.615376981


21395795.290064156 3417744.584746613


21395795.321136072 3417744.555612088


21395795.353927147 3417744.521322909


21395795.382753465 3417744.485871126


21395795.447773423 3417744.411957082


21395795.480964500 3417744.376185474


21395795.518970843 3417744.343785955


21395795.551398445 3417744.308188132


21395795.620955430 3417744.233638396


21395795.656351414 3417744.198381232


21395795.687916420 3417744.159335778


21395795.720589563 3417744.121129658


21395795.754224002 3417744.086684396


21395795.785860091 3417744.050022368


21395795.824989319 3417744.016706294


21395795.855660867 3417743.975950775


21395795.887510855 3417743.939970478


21395795.924877811 3417743.907392386


21395795.959283847 3417743.873604930


21395795.993258387 3417743.836439559


21395796.024547011 3417743.796842354


21395796.357906047 3417743.398046118


21395796.410354745 3417743.323145889


21395796.470099818 3417743.252665464


21395796.505335167 3417743.212382886


21395796.606466353 3417743.179755354


21395796.640267830 3417743.144458313


21395796.669760469 3417743.102143368


21395796.745628670 3417743.027439631


21395796.775929630 3417742.991178751


21395796.816192515 3417742.954783676


21395796.855071466 3417742.920324192


21395796.885529362 3417742.882176662


21395796.955681685 3417742.817989282


21395796.987901378 3417742.777421953


21395797.021641206 3417742.743973670


21395797.054237448 3417742.699521537


21395797.086617798 3417742.659082011


21395797.123575766 3417742.622164748


21395797.155388467 3417742.585630373


21395797.194700543 3417742.541648655


21395797.229733910 3417742.501904015


21395797.270706147 3417742.464688830


21395797.300558429 3417742.420023220


21395797.340684850 3417742.381079022


21395797.382606361 3417742.344760168


21395797.413977578 3417742.305457868


21395797.447293390 3417742.262865350


21395797.484036770 3417742.220294823


21395797.556935046 3417742.143457738


21395797.596748378 3417742.106734385


21395797.633886643 3417742.063790374


21395797.681267798 3417742.033166000


21395797.713455435 3417741.992580503


21395798.145369370 3417741.556875749


21395798.185627230 3417741.515065629


21395798.225751806 3417741.472665400


21395798.263336316 3417741.431343414


21395798.300442643 3417741.390026093


21395798.337750163 3417741.349723296


21395798.378150266 3417741.311053655


21395798.421029948 3417741.266741418


21395798.460725237 3417741.224456270


21395798.540285788 3417741.142601105


21395798.578489557 3417741.097761578


21395798.620039124 3417741.046199068


21395798.655545030 3417741.007503270


21395798.690949600 3417740.966590674


21395798.733010322 3417740.928200532


21395798.776256599 3417740.888782333


21395798.811763093 3417740.840346746


21395798.848081525 3417740.798334817


21395798.892863642 3417740.762745794


21395798.935360845 3417740.716810913


21395798.978324514 3417740.682736646


21395799.006940749 3417740.633924752


21395799.043714147 3417740.592795500


21395799.087580312 3417740.556457673


21395799.162954357 3417740.483385155


21395799.201343369 3417740.444457924


21395799.234619942 3417740.409276903


21395799.271584775 3417740.373061881


21395799.308576126 3417740.339563389


21395799.344486531 3417740.304744775


21395799.379536737 3417740.269990002


21395799.411771823 3417740.234264701


21395799.445750959 3417740.195934957


21395799.478533585 3417740.160777241


21395799.563965786 3417740.103962742


21395799.592736829 3417740.074277760


21395799.620789614 3417740.046133758


21395799.656530280 3417740.011889732


21395799.690615132 3417739.979491539


21395799.722162988 3417739.948485745


21395799.749135058 3417739.922311337


21395800.038368292 3417739.624688918


21395800.097926170 3417739.566057027


21395800.123258438 3417739.540101921


21395800.143415976 3417739.513143875


21395800.166357119 3417739.487193626


21395800.208917323 3417739.477112373


21395800.237471074 3417739.454563398


21395800.261573356 3417739.426716697


21395800.307735447 3417739.375719067


21395800.326889802 3417739.350508078


21395800.366648052 3417739.288539456


21395800.403432645 3417739.235489490


21395800.422873236 3417739.213473019


21395800.439014949 3417739.185020196


21395800.455625679 3417739.163789090


21395800.479422737 3417739.140602723


21395800.498953082 3417739.116349106


21395800.538021874 3417739.073571079


21395800.552611981 3417739.041307717


21395800.569614980 3417739.012901933


21395800.594587538 3417738.990923878


21395800.613286681 3417738.966438114


21395800.633460138 3417738.944377526


21395800.647650093 3417738.921746967


21395800.666475601 3417738.898775458


21395800.683663830 3417738.876281966


21395800.703627910 3417738.854001645


21395800.730215359 3417738.834151688


21395800.748253331 3417738.810522530


21395800.762351114 3417738.778448789


21395800.777047556 3417738.750546040


21395800.817244112 3417738.702452797


21395800.839673545 3417738.681238825


21395800.860628251 3417738.654291481


21395800.878398649 3417738.635913698


21395800.894889664 3417738.605683237


21395800.911026128 3417738.581592117


21395800.931032211 3417738.555448737


21395800.968303837 3417738.516366084


21395800.990568701 3417738.492991377


21395801.006054819 3417738.470865649


21395801.032124020 3417738.451815460


21395801.052600082 3417738.431359817


21395801.073662668 3417738.410565782


21395801.094259173 3417738.386116944


21395801.117822662 3417738.365132164


21395801.141239021 3417738.345405567


21395801.347297408 3417738.090880801


21395801.371571444 3417738.070831647


21395801.395631321 3417738.056606277


21395801.421463247 3417738.032845605


21395801.443364460 3417738.008143774


21395801.464467563 3417737.980067607


21395801.507809050 3417737.934069052


21395801.536099046 3417737.899195451


21395801.561660837 3417737.877156201


21395801.594306313 3417737.860610767


21395801.610889219 3417737.820196068


21395801.642074376 3417737.791226793


21395801.677303068 3417737.768224562


21395801.703144919 3417737.732413814


21395802.050931219 3417737.433258933


21395802.090899494 3417737.417307367


21395802.118311733 3417737.382331444


21395802.153080158 3417737.359537004


21395802.196325600 3417737.336364123


21395802.270415790 3417737.290176356


21395802.306854885 3417737.265425046


21395802.342302110 3417737.240313785


21395802.369184420 3417737.208207679


21395802.396629304 3417737.176576602


21395802.431952171 3417737.158323217


21395802.468469117 3417737.130115095


21395802.488199472 3417737.092053801


21395802.517116986 3417737.064307962


21395802.546726532 3417737.033967951


21395802.578418788 3417737.011222016


21395802.647005800 3417736.956512515


21395802.678900067 3417736.928331030


21395802.708015028 3417736.904482875


21395802.737405907 3417736.879504652


21395802.768758178 3417736.848057218


21395802.795581192 3417736.813142494


21395802.827894580 3417736.785437439


21395802.861606907 3417736.760601855


21395803.118930485 3417736.425865789


21395803.145841561 3417736.390173982


21395803.176013645 3417736.357037765


21395803.205000244 3417736.323303226


21395803.270702437 3417736.267013990


21395803.301035676 3417736.230789778


21395803.326742377 3417736.195830507


21395803.350025486 3417736.157549724


21395803.374844003 3417736.124687537


21395803.404673286 3417736.093994234


21395803.433074124 3417736.063943245


21395803.463869501 3417736.039136131


21395803.486666277 3417736.004926041


21395803.509476829 3417735.970494036


21395803.539821409 3417735.940331669


21395803.597611405 3417735.870424815


21395803.618139204 3417735.838935179


21395803.648346774 3417735.806168247


21395803.678026762 3417735.776511369


21395803.709418379 3417735.744194923


21395803.740126349 3417735.708798727


21395803.768350352 3417735.667161522


21395803.799811929 3417735.633846389


21395804.160316031 3417735.239609178


21395804.195536733 3417735.204353757


21395804.224514477 3417735.161544859


21395804.262045056 3417735.137559130


21395804.297543976 3417735.098142640


21395804.332535978 3417735.065587759


21395804.364504855 3417735.033616830


21395804.437839188 3417734.970414934


21395804.467129823 3417734.930264330


21395804.500910349 3417734.886281183


21395804.541709732 3417734.855850449


21395804.576981895 3417734.816066542


21395804.610355359 3417734.777742729


21395804.650281038 3417734.741092235


21395804.725500885 3417734.666912372


21395804.763051130 3417734.631874476


21395804.793369275 3417734.597369204


21395804.828379903 3417734.556922513


21395804.864625014 3417734.523727031


21395804.894648418 3417734.490056305


21395804.934584860 3417734.456140980


21395804.977990575 3417734.429787716


21395805.046310898 3417734.342848986


21395805.084434453 3417734.315918904


21395805.117815815 3417734.275136967


21395805.154597208 3417734.242989700


21395805.183508586 3417734.206446704


21395805.258179639 3417734.131569902


21395805.290965643 3417734.090220846


21395805.319141131 3417734.056679047


21395805.353263766 3417734.018347924


21395805.383886121 3417733.977445063


21395805.422798458 3417733.943133140


21395805.841684893 3417733.451464319


21395805.926967379 3417733.377666777


21395805.963825535 3417733.333782970


21395805.999495152 3417733.297155537


21395806.044246890 3417733.261714696


21395806.089172680 3417733.231040398


21395806.122973640 3417733.192416714


21395806.154499833 3417733.147753274


21395806.193193149 3417733.105699716


21395806.261195846 3417733.017248604


21395806.297609787 3417732.975217293


21395806.343369540 3417732.935257112


21395806.388375331 3417732.893178910


21395806.418862801 3417732.859688475


21395806.462076060 3417732.818514884


21395806.507704467 3417732.774896635


21395806.541934162 3417732.727933581


21395806.578801632 3417732.686637106


21395806.615651496 3417732.641903232


21395806.659212817 3417732.606991495


21395806.695390262 3417732.563594853


21395806.736782838 3417732.525340639


21395806.774765342 3417732.488856970


21395806.818604652 3417732.446494448


21395806.863797974 3417732.407297543


21395806.900208250 3417732.366523014


21395806.941436782 3417732.331061115


21395806.985449575 3417732.298307317


21395807.032297201 3417732.258743117


21395807.066459328 3417732.216290225


21395807.099086057 3417732.176587590


21395807.144778762 3417732.146090629


21395807.191608232 3417732.116100058


21395807.222703982 3417732.086133669


21395807.260176126 3417732.047991642


21395807.299210582 3417732.013124087


21395807.341120079 3417731.988633593


21395807.374563206 3417731.952545379


21395807.420991953 3417731.923963319


21395807.459782265 3417731.888580662


21395807.496571753 3417731.853993760


21395807.528093375 3417731.810494709


21395807.576741416 3417731.780634243


21395807.615578577 3417731.746785101


21395807.979779985 3417731.388347703


21395808.020304866 3417731.347754802


21395808.058011685 3417731.315690921


21395808.088701647 3417731.278446759


21395808.123742741 3417731.237851931


21395808.171614230 3417731.200292234


21395808.239519741 3417731.114946990


21395808.284649946 3417731.082348625


21395808.327284608 3417731.047224160


21395808.362842780 3417731.012242682


21395808.398889113 3417730.968477697


21395808.477053840 3417730.890591290


21395808.511300270 3417730.855142095


21395808.555137586 3417730.817473919


21395808.592782076 3417730.777389651


21395808.628751554 3417730.730649886


21395808.671369493 3417730.697078036


21395808.719523601 3417730.654174412


21395808.755707372 3417730.611424573


21395808.791438382 3417730.571285055


21395808.829032034 3417730.534158333


21395808.866932463 3417730.494163977


21395808.945580442 3417730.416790342


21395808.978407279 3417730.369822505


21395809.008320071 3417730.318281200


21395809.040931832 3417730.268875896


21395809.104168564 3417730.177200082


21395809.143293649 3417730.136916551


21395809.179318678 3417730.095868567


21395809.216740310 3417730.057449817


21395809.263247717 3417730.023858494


21395809.301162854 3417729.978837008


21395809.336723473 3417729.937571780


21395809.375907518 3417729.895162294


21395809.413278401 3417729.853177099


21395809.513791591 3417729.853582283


21395809.551729482 3417729.805991639


21395809.590058014 3417729.764126470


21395809.628393788 3417729.718102877


21395810.104098659 3417729.251310368


21395810.146517087 3417729.207095091


21395810.181200225 3417729.159222028


21395810.230986767 3417729.123510291


21395810.277604990 3417729.086572727


21395810.311321329 3417729.040908405


21395810.340669848 3417728.982183281


21395810.376543228 3417728.933762638


21395810.416096032 3417728.896468951


21395810.461564213 3417728.856031114


21395810.512655672 3417728.815187249


21395810.589667656 3417728.717185687


21395810.641684882 3417728.676462159


21395810.684542321 3417728.638027329


21395810.725496955 3417728.603898792


21395810.775215831 3417728.557985894


21395810.805014618 3417728.512729437


21395810.899022065 3417728.441083061


21395810.935840413 3417728.401284087


21395810.974967811 3417728.357969566


21395811.067980271 3417728.274208993


21395811.104399454 3417728.216375909


21395811.154026609 3417728.180665732


21395811.199000265 3417728.136924524


21395811.238476645 3417728.095066641


21395811.282502372 3417728.057100933


21395811.320849005 3417728.007288522


