21395660.296482243 3417722.100156079


21395660.296262927 3417722.098919956


21395660.296339784 3417722.096997122


21395660.295052055 3417722.098987235


21395660.296707120 3417722.097067459


21395660.297311291 3417722.100166457


21395660.296393469 3417722.100859246


21395660.296361681 3417722.097606800


21395660.297915373 3417722.099994220


21395660.299160071 3417722.101756285


21395660.300363630 3417722.097678577


21395660.302500270 3417722.097731622


21395660.291452073 3417722.104160297


21395660.293861724 3417722.102787591


21395660.291591603 3417722.102125960


21395660.290674735 3417722.101284768


21395660.291672837 3417722.099020261


21395660.289345730 3417722.102314243


21395660.293343116 3417722.103550403


21395660.292896129 3417722.101854468


21395660.290063918 3417722.102399631


21395660.292520441 3417722.102560440


21395660.295240577 3417722.100334548


21395660.293593414 3417722.098169820


21395660.293817423 3417722.099886417


21395660.292608313 3417722.101764873


21395660.293680966 3417722.102234910


21395660.293375220 3417722.101942193


21395660.292126235 3417722.104634227


21395660.291599687 3417722.104583930


21395660.291415591 3417722.100427374


21395660.291436311 3417722.104178932


21395660.290630657 3417722.103299690


21395660.291068751 3417722.105716495


21395660.292774845 3417722.105755266


21395660.294855449 3417722.101705948


21395660.294407964 3417722.098328193


21395660.292372245 3417722.097183750


21395660.292239442 3417722.098275459


21395660.290660605 3417722.094945726


21395660.289226573 3417722.095015186


21395660.288161866 3417722.095358260


21395660.288976051 3417722.095479674


21395660.288260754 3417722.095689962


21395660.285795294 3417722.091352407


21395660.282992668 3417722.090030642


21395660.283379465 3417722.087199181


21395660.282438301 3417722.087134452


21395660.281830061 3417722.086881655


21395660.280385286 3417722.089113563


21395660.280374542 3417722.084752017


21395660.280972391 3417722.087204223


21395660.279660147 3417722.085054704


21395660.276289869 3417722.089264478


21395660.278112814 3417722.088211694


21395660.275391690 3417722.087073948


21395660.276720781 3417722.089315712


21395660.273596417 3417722.089327766


21395660.277657386 3417722.090544823


21395660.272987597 3417722.090645907


21395660.276274335 3417722.087675214


21395660.277903300 3417722.086347103


21395660.276925422 3417722.084157352


21395660.277584914 3417722.084760799


21395660.276256096 3417722.085808754


21395660.275137968 3417722.085579422


21395660.273385324 3417722.085670476


21395660.269903291 3417722.083338866


21395660.266220458 3417722.078403316


21395660.205638960 3417722.014291400


21395660.190174934 3417722.007659795


21395660.179547187 3417721.993495886


21395660.167301081 3417721.983376779


21395660.155111238 3417721.975752133


21395660.144496769 3417721.959684493


21395660.132274959 3417721.948788922


21395660.106196467 3417721.919565681


21395660.089418251 3417721.908954901


21395660.071620390 3417721.900035908


21395660.041001562 3417721.872742163


21395660.021345448 3417721.858001155


21395660.008952640 3417721.841026817


21395659.990662187 3417721.829007733


21395659.970783588 3417721.815969206


21395659.951756481 3417721.797082176


21395659.929048024 3417721.784829049


21395659.913437340 3417721.769715835


21395659.896108232 3417721.754933605


21395659.865061611 3417721.726276403


21395659.847022809 3417721.712277334


21395659.828552462 3417721.694900353


21395659.814224355 3417721.680532350


21395659.801339947 3417721.663821557


21395659.784723025 3417721.650141260


21395659.768161606 3417721.633983890


21395659.750979524 3417721.621196231


21395659.731828194 3417721.607540702


21395659.716190729 3417721.591318855


21395659.700413741 3417721.577131347


21395659.686703667 3417721.562387671


21395659.674071405 3417721.538854715


21395659.657645941 3417721.525191028


21395659.642487213 3417721.509019948


21395659.445407387 3417721.344427079


21395659.428267617 3417721.327813321


21395659.410544496 3417721.308599363


21395659.389346693 3417721.295961841


21395659.371414460 3417721.273293872


21395659.354737531 3417721.255104657


21395659.335534904 3417721.236200863


21395659.319319144 3417721.217896252


21395659.296015006 3417721.203412677


21395659.277963243 3417721.179932687


21395659.284058284 3417721.138086280


21395659.268331375 3417721.114343309


21395659.248308010 3417721.096279208


21395659.226916991 3417721.075289902


21395659.205128666 3417721.051162614


21395659.182079289 3417721.033386828


21395659.166584704 3417721.005686529


21395659.146348801 3417720.983817301


21395658.874216933 3417720.709863211


21395658.821843732 3417720.725529963


21395658.798486669 3417720.705631805


21395658.775159497 3417720.685530058


21395658.753798872 3417720.659494987


21395658.698070064 3417720.615628419


21395658.677931916 3417720.589082399


21395658.659549583 3417720.559506722


21395658.630291216 3417720.539296608


21395658.607228655 3417720.520171799


21395658.575809717 3417720.500722064


21395658.552750587 3417720.475424376


21395658.525626745 3417720.453419170


21395658.496121384 3417720.430771902


21395658.468842164 3417720.407548432


21395658.442152303 3417720.385908616


21395658.388724092 3417720.327881162


21395658.374412205 3417720.290706739


21395658.339732498 3417720.265467178


21395658.327645715 3417720.219455298


21395658.294962622 3417720.194621301


21395658.262142301 3417720.167164259


21395658.234072559 3417720.133192239


21395658.164444871 3417720.082992964


21395658.138232078 3417720.043291988


21395658.099395361 3417720.018425724


21395658.067604162 3417719.993509084


21395658.041193992 3417719.964603276


21395658.009819038 3417719.933343388


21395657.976133145 3417719.903769427


21395657.946978278 3417719.874576259


21395657.914278928 3417719.848079079


21395657.878513195 3417719.821001976


21395657.843134705 3417719.794401609


21395657.808418691 3417719.765447609


21395657.768084582 3417719.745586006


21395657.735291578 3417719.719293039


21395657.707167417 3417719.687908972


21395657.670985762 3417719.655790464


21395657.641828049 3417719.624675242


21395657.611690205 3417719.594401268


21395657.577140536 3417719.569419181


21395657.535844039 3417719.550583471


21395657.476972211 3417719.493403932


21395657.444734704 3417719.461967659


21395657.414810665 3417719.429104176


21395657.387677342 3417719.396342790


21395657.348142106 3417719.379929435


21395657.306320637 3417719.362836124


21395657.266286217 3417719.345910165


21395657.232033890 3417719.323623482


21395656.974039335 3417719.018426777


21395656.948302235 3417718.989884027


21395656.915667173 3417718.976489658


21395656.891130075 3417718.948397218


21395656.864679307 3417718.920231074


21395656.837843005 3417718.901549746


21395656.818510413 3417718.872611732


21395656.795222301 3417718.848351251


21395656.767677199 3417718.824021489


21395656.747431621 3417718.797901599


21395656.715146922 3417718.782840462


21395656.694636013 3417718.755669715


21395656.677875221 3417718.730532252


21395656.649595585 3417718.707706677


21395656.628274146 3417718.685681728


21395656.608029377 3417718.669430991


21395656.597332813 3417718.635178288


21395656.583061509 3417718.610312198


21395656.562965255 3417718.594577492


21395656.545150775 3417718.570910371


21395656.526043959 3417718.552024128


21395656.504826508 3417718.535745935


21395656.492088441 3417718.512805426


21395656.469397765 3417718.492586573


21395656.453594755 3417718.469213980


21395656.432528395 3417718.452084156


21395656.414282236 3417718.423394267


21395656.396590397 3417718.399226946


21395656.373779248 3417718.373206057


21395656.331195161 3417718.318861351


21395656.302436467 3417718.307369662


21395656.275460135 3417718.289040853


21395656.254548568 3417718.261652242


21395656.232583672 3417718.229246941


21395656.203660578 3417718.202565005


21395656.182513706 3417718.169042812


21395655.901135873 3417717.846166026


21395655.874039833 3417717.827006716


21395655.847772926 3417717.804605029


21395655.829318378 3417717.772535049


21395655.795718800 3417717.751794443


21395655.765217446 3417717.733259826


21395655.738323379 3417717.713562579


21395655.714531057 3417717.693169679


21395655.685508028 3417717.670942781


21395655.637731548 3417717.675771381


21395655.612544209 3417717.646391590


21395655.587493870 3417717.621242738


21395655.561294153 3417717.599191545


21395655.539965171 3417717.581288063


21395655.511685796 3417717.561752208


21395655.481325187 3417717.542938995


21395655.460691404 3417717.511352353


21395655.436063401 3417717.488638943


21395655.413329467 3417717.460732181


21395655.387379412 3417717.443021716


21395655.363252893 3417717.422687528


21395655.338133238 3417717.395340049


21395655.311521392 3417717.375159522


21395655.284822807 3417717.354259061


21395655.029644318 3417717.084390130


21395655.005602781 3417717.056440703


21395654.982702717 3417717.029478125


21395654.954689853 3417717.001327253


21395654.924714770 3417716.986077216


21395654.901983812 3417716.961737369


21395654.875655990 3417716.934734366


21395654.847502511 3417716.908506951


21395654.825750690 3417716.879962218


21395654.802642368 3417716.857788404


21395654.771600012 3417716.831201111


21395654.739020612 3417716.808824160


21395654.464740194 3417716.538513564


21395654.441774026 3417716.511311371


21395654.389353223 3417716.466654751


21395654.361637201 3417716.439517466


21395654.336132146 3417716.416775667


21395654.314436767 3417716.384219880


21395654.308465894 3417716.332751609


21395654.295247186 3417716.286732315


21395654.269187585 3417716.254551852


21395654.239154026 3417716.238211975


21395654.212658353 3417716.215239598


21395654.184604347 3417716.194296943


21395654.164180037 3417716.166201275


21395654.136388831 3417716.146050760


21395654.086671762 3417716.161100162


21395654.061763339 3417716.126006842


21395654.032254931 3417716.107943046


21395654.013001759 3417716.075714540


21395653.983406428 3417716.050388337


21395653.958802573 3417716.031777602


21395653.930996332 3417716.005195647


21395653.906403266 3417715.976272089


21395653.886264920 3417715.949707598


21395653.853921998 3417715.930322352


21395653.817831758 3417715.918976252


21395653.790907387 3417715.894548024


21395653.770094927 3417715.865883221


21395653.747158550 3417715.835206205


21395653.708184350 3417715.822372803


21395653.684745897 3417715.797411500


21395653.663928103 3417715.771463541


21395653.635312729 3417715.745277607


21395653.616016254 3417715.706987570


21395653.590366468 3417715.684117817


21395653.566051606 3417715.662454801


21395653.535735011 3417715.636729052


21395653.504098266 3417715.612938290


21395653.477854516 3417715.584751648


21395653.451984968 3417715.557337577


21395653.420156449 3417715.538390861


21395653.395298187 3417715.510061307


21395653.344053715 3417715.456910152


21395653.317525487 3417715.438761786


21395653.293802284 3417715.414025045


21395653.268133540 3417715.389214913


21395653.228369348 3417715.372212401


21395653.210960750 3417715.342775066


21395653.181922454 3417715.322248630


21395653.154359993 3417715.302668810


21395652.869560640 3417715.055433660


21395652.842519905 3417715.027254809


21395652.814489458 3417715.005461776


21395652.785186592 3417714.982332023


21395652.757852755 3417714.955154043


21395652.736831442 3417714.926324949


21395652.713891365 3417714.898531095


21395652.693333071 3417714.868145025


21395652.661938537 3417714.849563702


21395652.634030275 3417714.823962270


21395652.615439933 3417714.789417092


21395652.592184350 3417714.760332612


21395652.580273602 3417714.714392944


21395652.550464362 3417714.694909011


21395652.529109351 3417714.661296451


21395652.496961724 3417714.640689517


21395652.463557970 3417714.612258673


21395652.435008556 3417714.584667498


21395652.408911690 3417714.556830573


21395652.383510169 3417714.523479342


21395652.354138348 3417714.504711918


21395652.052160461 3417714.199390767


21395652.030786220 3417714.180120097


21395652.000037394 3417714.155840142


21395651.973535400 3417714.125696981


21395651.949113056 3417714.093038481


21395651.918160718 3417714.065877388


21395651.892505057 3417714.039145047


21395651.868345339 3417714.007260207


21395651.839770544 3417713.980334618


21395651.813928120 3417713.947542146


21395651.792289674 3417713.912657130


21395651.762420468 3417713.893561899


21395651.738046940 3417713.870790564


21395651.708947126 3417713.840709759


21395651.680449866 3417713.807037637


21395651.649806339 3417713.780483419


21395651.623899121 3417713.759002304


21395651.264437690 3417713.435798406


21395651.231295418 3417713.409656724


21395651.198947698 3417713.373471783


21395651.166732509 3417713.352477398


21395651.140642632 3417713.320463573


21395651.108125128 3417713.286479597


21395651.080696858 3417713.254534299


21395651.021886826 3417713.193898136


21395650.987618662 3417713.166732491


21395650.956874076 3417713.133100819


21395650.926206931 3417713.102499368


21395650.862393811 3417713.042115402


21395650.833829939 3417713.013045847


21395650.833136935 3417712.947036437


21395650.795185886 3417712.916561625


21395650.764841735 3417712.891279711


21395650.729826842 3417712.867632865


21395650.701305188 3417712.831465973


21395650.672686093 3417712.801639213


21395650.642330922 3417712.768706036


21395650.606446434 3417712.744162092


21395650.576617315 3417712.709597396


21395650.547651246 3417712.676890902


21395650.513409361 3417712.649152074


21395650.484235942 3417712.621326741


21395650.451382749 3417712.595404015


21395650.426221978 3417712.560590392


21395650.396515820 3417712.533712829


21395650.362799674 3417712.509203137


21395650.293597527 3417712.453621612


21395650.259495039 3417712.428727585


21395650.239296481 3417712.391111707


21395650.208958104 3417712.359897152


21395650.185288355 3417712.327582450


21395650.158852540 3417712.294426151


21395650.130250465 3417712.264710116


21395649.821693335 3417711.979431912


21395649.796611812 3417711.947833309


21395649.769566495 3417711.920818850


21395649.745790087 3417711.893901812


21395649.722407565 3417711.856723650


21395649.697645415 3417711.830074988


21395649.676504888 3417711.802097218


21395649.647066448 3417711.781408366


21395649.619286593 3417711.749374100


21395649.590860847 3417711.729543983


21395649.538706057 3417711.679488165


21395649.516025603 3417711.655425059


21395649.485397782 3417711.630478588


21395649.451948494 3417711.610438834


21395649.423971586 3417711.584339078


21395649.390657451 3417711.563447848


21395649.363483306 3417711.537931656


21395649.334916901 3417711.515127384


21395649.306936879 3417711.496863848


21395649.276192512 3417711.468148276


21395649.254167072 3417711.442600242


21395649.234259088 3417711.410248775


21395649.206534598 3417711.393664563


21395649.172092356 3417711.373153992


21395649.149170093 3417711.342292030


21395649.128485978 3417711.308820773


21395649.093564961 3417711.296409810


21395649.074513022 3417711.263569455


21395649.050352927 3417711.238171658


21395649.008310586 3417711.175652827


21395648.974137962 3417711.151739012


21395648.943809472 3417711.136215222


21395648.917844713 3417711.112110292


21395648.886961177 3417711.091990015


21395648.863041259 3417711.060176762


21395648.826727249 3417711.037355811


21395648.798975252 3417711.013065052


21395648.771914039 3417710.990948368


21395648.746641010 3417710.960959537


21395648.717113249 3417710.934394420


21395648.690398507 3417710.900427661


21395648.669470198 3417710.868067685


21395648.634257786 3417710.847047159


21395648.600641780 3417710.809950542


21395648.573204599 3417710.778726117


21395648.539835185 3417710.752180069


21395648.512467097 3417710.718238177


21395648.481313169 3417710.690025615


21395648.454792906 3417710.658016003


21395648.428022712 3417710.624899937


21395648.401882160 3417710.597488526


21395648.368050322 3417710.577452512


21395648.338091005 3417710.540985490


21395648.306142710 3417710.516310673


21395648.273371104 3417710.487319215


21395648.238529544 3417710.450419394


21395648.207173273 3417710.422707812


21395648.180806223 3417710.391694706


21395647.814201966 3417709.981956077


21395647.780334353 3417709.958261061


21395647.748392332 3417709.922811428


21395647.718466610 3417709.889781652


21395647.663745862 3417709.820215899


21395647.629312728 3417709.797376566


21395647.596856073 3417709.769620297


21395647.564302877 3417709.748296558


21395647.533609752 3417709.719931641


21395647.503363431 3417709.686720185


21395647.475730956 3417709.656717455


21395647.447000708 3417709.623675996


21395647.415903125 3417709.588181145


21395647.390168831 3417709.561560472


21395647.349965468 3417709.533879922


21395647.317496348 3417709.504848546


21395647.286897641 3417709.474726958


21395647.260567840 3417709.439370321


21395647.233446058 3417709.406165287


21395647.198572841 3417709.380705873


21395646.876570545 3417709.063770861


21395646.847279929 3417709.035373755


21395646.819282055 3417709.007130349


21395646.795900643 3417708.968436691


21395646.764144335 3417708.943833930


21395646.732725199 3417708.909691379


21395646.696968611 3417708.883556781


21395646.663981196 3417708.850427564


21395646.633607309 3417708.818843736


21395646.607124116 3417708.795520104


21395646.576712027 3417708.763289794


21395646.546037767 3417708.733594023


21395646.489401799 3417708.660535496


21395646.459574919 3417708.635987801


21395646.430809539 3417708.602614019


21395646.404892497 3417708.568713394


21395646.376359530 3417708.541177519


21395646.344885033 3417708.511156901


21395646.304562505 3417708.482701293


21395645.954838220 3417708.147814441


21395645.914545856 3417708.122444964


21395645.882963210 3417708.092776554


21395645.848025642 3417708.062364711


21395645.813863873 3417708.031409319


21395645.783952959 3417707.999894894


21395645.745106585 3417707.974049245


21395645.710619748 3417707.940823796


21395645.643362012 3417707.878680816


21395645.614045061 3417707.845959283


21395645.581286937 3417707.813456204


21395645.547115732 3417707.783166242


21395645.509977072 3417707.751001681


21395645.481435888 3417707.719362980


21395645.456577491 3417707.681238211


21395645.423272856 3417707.656428807


21395645.387786426 3417707.626946408


21395645.352235418 3417707.594119477


21395645.322187584 3417707.561645348


21395645.290233757 3417707.526620912


21395645.259923305 3417707.493373126


21395645.223290246 3417707.465639203


21395645.190524850 3417707.434023309


21395645.155940391 3417707.407119518


21395645.126561027 3417707.371275208


21395645.098375842 3417707.343440231


21395645.061904758 3417707.314337092


21395645.025721531 3417707.283697166


21395644.993414551 3417707.253315057


21395644.624215253 3417706.933644126


21395644.593617611 3417706.903633424


21395644.557437371 3417706.883084411


21395644.518524799 3417706.860251910


21395644.481531087 3417706.833131407


21395644.455696981 3417706.799562644


21395644.414838087 3417706.771685216


21395644.388087511 3417706.735685842


21395644.365451869 3417706.701531369


21395644.330273569 3417706.670955549


21395644.265506707 3417706.617382165


21395644.223259114 3417706.594212630


21395644.192574061 3417706.568305692


21395644.161781617 3417706.541198502


21395644.128666401 3417706.511304817


21395644.098288208 3417706.477651101


21395644.071893591 3417706.447081835


21395644.041262262 3417706.416886646


21395643.984848741 3417706.402467993


21395643.626333762 3417706.066872432


21395643.593568042 3417706.033593204


21395643.558895018 3417705.999260688


21395643.520835642 3417705.974017248


21395643.494415101 3417705.937534128


21395643.427891560 3417705.878747633


21395643.398973629 3417705.846077649


21395643.368728191 3417705.812958602


21395643.334379286 3417705.782430124


21395643.299162958 3417705.751226307


21395643.267650511 3417705.717324938


21395643.198521566 3417705.657824648


21395643.164799646 3417705.631097245


21395643.131427586 3417705.607545253


21395643.067567013 3417705.604288343


21395643.040073771 3417705.575485568


21395643.015387088 3417705.536989492


21395642.989002030 3417705.494351664


21395642.959501244 3417705.467287297


21395642.627744429 3417705.072252210


21395642.593869831 3417705.044583743


21395642.564863946 3417705.022486082


21395642.535980515 3417704.993345744


21395642.504979674 3417704.962858468


21395642.486333955 3417704.924284864


21395642.461256597 3417704.898008930


21395642.413161971 3417704.876818641


21395642.401172679 3417704.826111503


21395642.377993044 3417704.793385432


21395642.350405108 3417704.763049611


21395642.326499287 3417704.731051419


21395642.304344583 3417704.702067090


21395642.273485932 3417704.671449054


21395642.241936650 3417704.653349793


21395642.220930822 3417704.619585987


21395642.194875222 3417704.591083346


21395642.162917770 3417704.568737315


21395642.132430933 3417704.540277987


21395641.820113685 3417704.224264936


21395641.789378893 3417704.194902437


21395641.758792803 3417704.172598444


21395641.725418929 3417704.148861660


21395641.697486550 3417704.122428821


21395641.663509633 3417704.100601532


21395641.637257420 3417704.068293610


21395641.571363371 3417704.013566917


21395641.540629026 3417703.980988620


21395641.511438575 3417703.951426212


21395641.461862680 3417703.887964562


21395641.424546048 3417703.865319768


21395641.394546472 3417703.836153381


21395641.334981065 3417703.773269899


21395641.306649823 3417703.740280000


21395641.272837993 3417703.715771270


21395641.240057308 3417703.685855844


21395641.210539892 3417703.657091337


21395641.182335351 3417703.620755035


21395641.146053404 3417703.596325895


21395641.113198392 3417703.562068025


21395641.065679260 3417703.545936067


21395641.041016679 3417703.513169049


21395640.981301669 3417703.443134664


21395640.957247999 3417703.405796744


21395640.930953205 3417703.374025205


21395640.898433976 3417703.348025316


21395640.873148341 3417703.313490159


21395640.832765590 3417703.287031170


21395640.801805105 3417703.257412137


21395640.495253671 3417702.939272825


21395640.459863801 3417702.914779523


21395640.433079518 3417702.878595674


21395640.406581700 3417702.845624818


21395640.375802107 3417702.818203325


21395640.342854712 3417702.790803025


21395640.315943867 3417702.759610438


21395640.289449755 3417702.730280417


21395640.255872760 3417702.702073080


21395640.222037982 3417702.675217418


21395640.197640866 3417702.645146118


21395640.166223463 3417702.619338759


21395640.106063128 3417702.559196372


21395640.081146050 3417702.526487289


21395640.050405517 3417702.501431057


21395640.024728164 3417702.470854787


21395639.994891822 3417702.446972538


21395639.968982052 3417702.410558363


21395639.931545388 3417702.385419734


21395639.900700409 3417702.357832548


21395639.873421188 3417702.331356365


21395639.844204992 3417702.302422585


21395639.815921526 3417702.277582596


21395639.785831090 3417702.252168862


21395639.758192196 3417702.216621741


21395639.731408734 3417702.190307046


21395639.676987153 3417702.133416766


21395639.653543800 3417702.106330160


21395639.623136006 3417702.074543384


21395639.594824765 3417702.045231126


21395639.538317423 3417701.988601496


21395639.511296172 3417701.960792120


21395639.476109184 3417701.942377276


21395639.441382263 3417701.910688165


21395639.415075991 3417701.881005160


21395639.391668443 3417701.849427179


21395639.363370251 3417701.819819091


21395639.330548149 3417701.787298170


21395639.306152295 3417701.757356231


21395639.273584109 3417701.732872313


21395639.239658017 3417701.706461105


21395639.211468372 3417701.674911390


21395639.182984997 3417701.647559864


21395639.148554884 3417701.618510718


21395638.861643642 3417701.347732557


21395638.838306986 3417701.320145905


21395638.802429616 3417701.297967572


21395638.780650672 3417701.265024518


21395638.749767758 3417701.240080571


21395638.723599657 3417701.211486632


21395638.686063059 3417701.184279046


21395638.660999093 3417701.157744247


21395638.635756262 3417701.127588810


21395638.605954766 3417701.100749172


21395638.568530392 3417701.083391170


21395638.542378679 3417701.051581276


21395638.515968952 3417701.022730955


21395638.484223925 3417700.987870831


21395638.456312433 3417700.958684039


21395638.429808151 3417700.929945532


21395638.394058656 3417700.907802912


21395638.361845925 3417700.880543288


21395638.332646251 3417700.850038417


21395638.308581468 3417700.821349989


21395638.281275101 3417700.793728217


21395638.242406964 3417700.767291396


21395638.214112207 3417700.744558422


21395638.183291689 3417700.716213256


21395638.154536113 3417700.687108644


21395638.120269634 3417700.655230219


21395638.092257079 3417700.625489971


21395637.770401847 3417700.330177222


21395637.710582361 3417700.270659890


21395637.687516499 3417700.243052112


21395637.658157740 3417700.214212138


21395637.621696137 3417700.187714831


21395637.598101825 3417700.156600720


21395637.570473138 3417700.131883707


21395637.538625252 3417700.102809325


21395637.511189289 3417700.078238281


21395637.486240063 3417700.055287790


21395637.460415989 3417700.024380291


21395637.429952156 3417700.001539152


21395637.372428220 3417699.946915481


21395637.351685263 3417699.917215060


21395637.332545582 3417699.885188771


21395637.269365355 3417699.839011027


21395637.244435810 3417699.811550840


21395637.220257550 3417699.785931465


21395637.198672183 3417699.754853162


21395637.168200273 3417699.736078048


21395637.143748470 3417699.711828983


21395637.117028974 3417699.683905773


21395637.086997904 3417699.659674285


21395637.061077833 3417699.628730764


21395637.034162190 3417699.606834464


21395637.014275461 3417699.576663635


21395636.990002915 3417699.547921796


21395636.956183746 3417699.525926645


21395636.898594413 3417699.464613286


21395636.869383983 3417699.436270868


21395636.844668824 3417699.404650231


21395636.816150978 3417699.372142689


21395636.792145297 3417699.341346787


21395636.733748008 3417699.283811567


21395636.705489848 3417699.253408385


21395636.676350404 3417699.225804536


21395636.641959876 3417699.199176098


21395636.611477915 3417699.163065367


21395636.587175563 3417699.131274360


21395636.559690822 3417699.101713770


21395636.242452137 3417698.795969292


21395636.219604544 3417698.767860381


21395636.168378416 3417698.713341486


21395636.144119918 3417698.687667454


21395636.119609494 3417698.660683693


21395636.064469911 3417698.608624141


21395636.042838983 3417698.581039303


21395636.022968419 3417698.555784416


21395635.995290786 3417698.532583376


21395635.966234952 3417698.500487688


21395635.945719760 3417698.474518323


21395635.926129512 3417698.445324121


21395635.871729039 3417698.397119993


21395635.854037706 3417698.371381765


21395635.830364600 3417698.346884832


21395635.774075113 3417698.304391497


21395635.753944457 3417698.278621669


21395635.731126349 3417698.251898589


21395635.680798948 3417698.206149661


21395635.654208411 3417698.178373045


21395635.629701197 3417698.153348300


21395635.608280551 3417698.126075593


21395635.580951415 3417698.102649368


21395635.549064960 3417698.079415545


21395635.527379841 3417698.052810761


21395635.504966736 3417698.026749059


21395635.480314251 3417698.001540919


21395635.460718907 3417697.973455663


21395635.434113424 3417697.949042840


21395635.406740170 3417697.922733920


21395635.387166768 3417697.893631964


21395635.361770354 3417697.868967061


21395635.331306055 3417697.842817730


21395635.304241799 3417697.817134163


21395635.274475370 3417697.792253239


21395635.249699313 3417697.775603277


21395635.219814546 3417697.759816443


21395635.188381854 3417697.735709551


21395635.168748263 3417697.708604192


21395635.143817812 3417697.687575608


21395635.119931828 3417697.657610211


21395635.096979700 3417697.630223105


21395634.847539693 3417697.316386308


21395634.819641780 3417697.293483129


21395634.788783371 3417697.272678826


21395634.768022299 3417697.242756809


21395634.747293506 3417697.211245060


21395634.714422941 3417697.188445936


21395634.684114780 3417697.161962412


21395634.659732193 3417697.136640746


21395634.635043349 3417697.109344545


21395634.615728635 3417697.078983313


21395634.586821962 3417697.057254333


21395634.557911582 3417697.031884521


21395634.528269414 3417697.006669715


21395634.505751092 3417696.979629522


21395634.483486257 3417696.949167756


21395634.444511369 3417696.931381369


21395634.424196202 3417696.903044410


21395634.402389746 3417696.875442807


21395634.382223953 3417696.849340657


21395634.354601614 3417696.823644068


21395634.329022948 3417696.793381033


21395634.305877369 3417696.765774042


21395634.283604868 3417696.737788884


21395634.260522548 3417696.708499451


21395634.000103854 3417696.448976453


21395633.973744050 3417696.421973813


21395633.944944657 3417696.398173851


21395633.920210302 3417696.372744736


21395633.895970844 3417696.345758330


21395633.867768489 3417696.321065417


21395633.823478598 3417696.261839851


21395633.772383768 3417696.214231794


21395633.720698711 3417696.163321305


21395633.670405202 3417696.116148971


21395633.640548505 3417696.093449759


21395633.617572661 3417696.065268181


21395633.596136652 3417696.036424695


21395633.569839656 3417696.010955412


21395633.518674433 3417695.967561841


21395633.493062310 3417695.942030419


21395633.469982557 3417695.911373326


21395633.444138743 3417695.886601912


21395633.420190256 3417695.856766501


21395633.396246064 3417695.829000984


21395633.364101768 3417695.808745222


21395633.332818095 3417695.793360182


21395633.304738335 3417695.769793448


21395633.281232826 3417695.742873795


21395633.254997727 3417695.712321474


21395633.223772563 3417695.689875901


21395633.197481532 3417695.665016452


21395633.171792496 3417695.636510248


21395633.145313758 3417695.613648643


21395633.112021174 3417695.596601420


21395633.086333778 3417695.574785531


21395633.058282927 3417695.554175566


21395633.037495378 3417695.524808257


21395633.007127430 3417695.498731917


21395632.977042101 3417695.470582876


21395632.636134543 3417695.212549042


21395632.600843925 3417695.186798048


21395632.564104740 3417695.169414889


21395632.531966031 3417695.143208005


21395632.505702637 3417695.121175970


21395632.472168639 3417695.095740472


21395632.438332822 3417695.072045194


21395632.405517429 3417695.051629660


21395632.339703113 3417694.998547103


21395632.307626311 3417694.973781179


21395632.282063562 3417694.936993997


21395632.250575449 3417694.912111429


21395632.210741915 3417694.889657605


21395632.176292762 3417694.866818475


21395632.148857258 3417694.837405267


21395632.113661148 3417694.813168840


21395632.082193058 3417694.798487907


21395632.045304898 3417694.777280517


21395632.016454026 3417694.754737812


21395631.992871005 3417694.719890324


21395631.959824812 3417694.693803204


21395631.938689746 3417694.661500725


21395631.905050363 3417694.641592251


21395631.835952204 3417694.598300070


21395631.797366444 3417694.577922466


21395631.761959955 3417694.556626668


21395631.735602170 3417694.528200931


21395631.700715568 3417694.512795673


21395631.664072964 3417694.493877599


21395631.228324451 3417694.334667856


21395631.189672347 3417694.309134545


21395631.153931085 3417694.289468400


21395631.117678843 3417694.269714840


21395631.076872941 3417694.248896906


21395631.042707264 3417694.225703857


21395631.012791000 3417694.201803932


21395630.975029320 3417694.184190510


21395630.939408429 3417694.160531170


21395630.910414495 3417694.136400450


21395630.880281128 3417694.116383777


21395630.839006651 3417694.094923567


21395630.801142063 3417694.078198268


21395630.761831772 3417694.050564492


21395630.724284284 3417694.022248147


21395630.688472074 3417694.000217055


21395630.649665851 3417693.973594838


21395630.608386312 3417693.951617192


21395630.569578920 3417693.928136857


21395630.532872364 3417693.902676935


21395630.495721992 3417693.885630469


21395630.463123553 3417693.859686830


21395630.427273739 3417693.841962313


21395630.392121699 3417693.822234964


21395630.354146782 3417693.799116121


21395630.313355912 3417693.778205634


21395630.281804614 3417693.751752755


21395630.250148658 3417693.730900817


21395630.202387661 3417693.714494046


21395630.170579076 3417693.691074661


21395630.130009737 3417693.669995673


21395630.057486240 3417693.630174562


21395630.022398081 3417693.605567454


21395629.984711308 3417693.584201546


21395629.944973301 3417693.558475558


21395629.915790342 3417693.531315708


21395629.882751100 3417693.509202065


21395629.843029276 3417693.488392017


21395629.806221168 3417693.467220816


21395629.772843666 3417693.441488090


21395629.740314819 3417693.421032802


21395629.712026134 3417693.385880171


21395629.671102278 3417693.366042917


21395629.341888562 3417693.128501820


21395629.312480774 3417693.102804217


21395629.252360500 3417693.058186019


21395629.231028546 3417693.025312541


21395629.205957450 3417692.999683430


21395629.170508705 3417692.987111357


21395629.148876064 3417692.954462597


21395629.128698993 3417692.922317090


21395629.072759181 3417692.881354342


21395629.024530798 3417692.831814680


21395629.004883733 3417692.806594585


21395628.976233017 3417692.783329148


21395628.951042626 3417692.761804114


21395628.928547166 3417692.732213249


21395628.909629755 3417692.704990011


21395628.857603878 3417692.656725740


21395628.840789407 3417692.622847058


21395628.824814383 3417692.593303339


21395628.806644917 3417692.564317037


21395628.777966574 3417692.544748186


21395628.757303961 3417692.516747301


21395628.735112175 3417692.490498633


21395628.690493215 3417692.441644470


21395628.663877547 3417692.417823173


21395628.650466468 3417692.388014128


21395628.605955560 3417692.335536520


21395628.574129082 3417692.310287639


21395628.557154994 3417692.278018413


21395628.536515545 3417692.250756564


21395628.513476547 3417692.219378301


21395628.495938022 3417692.188075637


21395628.476489037 3417692.158658289


21395628.450246375 3417692.125703448


21395628.429474473 3417692.093046275


21395628.415305503 3417692.057459906


21395628.390679393 3417692.026799460


21395628.362273235 3417692.002459703


21395628.338737283 3417691.982212207


21395628.316989053 3417691.957308357


21395628.295836184 3417691.926447622


21395628.273507886 3417691.897649833


21395628.248741265 3417691.872184081


21395628.226851955 3417691.839371498


21395628.199729927 3417691.819196024


21395628.176393639 3417691.796543971


21395627.946305487 3417691.521791487


21395627.919959668 3417691.499483043


21395627.893894158 3417691.473235286


21395627.864047233 3417691.449907618


21395627.845758189 3417691.421735678


21395627.822728653 3417691.402739980


21395627.799766388 3417691.380842016


21395627.774683669 3417691.349132584


21395627.754706860 3417691.319535580


21395627.728067119 3417691.294882850


21395627.703766443 3417691.266529420


21395627.674318418 3417691.241608440


21395627.651203163 3417691.217106069


21395627.626426503 3417691.187352693


21395627.606522750 3417691.155444779


21395627.579413556 3417691.121907001


21395627.550501250 3417691.099605168


21395627.517793484 3417691.077155623


21395627.491605416 3417691.048155307


21395627.464590687 3417691.017758475


21395627.437952831 3417690.990037786


21395627.414058782 3417690.962512052


21395627.385162998 3417690.938639123


21395627.358573001 3417690.909291589


21395627.133849688 3417690.674554727


21395627.110595781 3417690.639131105


21395627.086029731 3417690.611353198


21395627.056964874 3417690.583231161


21395627.024808880 3417690.551997475


21395626.995090187 3417690.528742483


21395626.962991323 3417690.501722038


21395626.933987476 3417690.474948560


21395626.904582579 3417690.434872267


21395626.875918243 3417690.405323233


21395626.847867556 3417690.370057394


21395626.814043988 3417690.341094764


21395626.784897666 3417690.311162329


21395626.752056081 3417690.279916865


21395626.465080131 3417689.986277942


21395626.434907265 3417689.958961445


21395626.404167552 3417689.927473655


21395626.374150645 3417689.899804484


21395626.344890352 3417689.871259283


21395626.317272943 3417689.842808909


21395626.281136520 3417689.812076180


21395626.249830704 3417689.783015010


21395626.222602852 3417689.756907989


21395626.194198731 3417689.722994762


21395626.162511807 3417689.694085171


21395626.130827729 3417689.667097636


21395626.100755621 3417689.630520889


21395626.069066834 3417689.596528881


21395626.036579143 3417689.573763004


21395626.000916772 3417689.549124558


21395625.942367144 3417689.487432531


21395625.908191487 3417689.456699112


21395625.879261218 3417689.421146170


21395625.850518003 3417689.394943074


21395625.811539885 3417689.367047326


21395625.777837321 3417689.337418179


21395625.746757135 3417689.303715930


21395625.713562213 3417689.277094317


21395625.681052767 3417689.240689250


21395625.652125940 3417689.212011421


21395625.617095124 3417689.175335296


21395625.582968052 3417689.143048952


21395625.553504337 3417689.114893856


21395625.522390697 3417689.085923217


21395625.485733137 3417689.055694587


21395625.449498098 3417689.027919875


21395625.422645215 3417688.986358594


21395625.388740756 3417688.954014629


21395625.351456311 3417688.923256162


21395624.974963047 3417688.579982283


21395624.933563832 3417688.547397406


21395624.900387816 3417688.517818559


21395624.868449144 3417688.487617724


21395624.833828352 3417688.460270790


21395624.796701308 3417688.429307489


21395624.767165780 3417688.397068667


21395624.734962396 3417688.362619657


21395624.705909774 3417688.337380630


21395624.662988029 3417688.308858104


21395624.634802181 3417688.274443745


21395624.600064654 3417688.243309230


21395624.565609224 3417688.216570573


21395624.526538733 3417688.180858025


21395624.490911294 3417688.150009436


21395624.457116615 3417688.124003583


21395624.425582252 3417688.092763827


21395624.391120076 3417688.060443799


21395624.341109715 3417688.037350232


21395624.306280885 3417688.006660169


21395624.271668389 3417687.973639313


21395624.236878201 3417687.940379933


21395624.200522553 3417687.897007955


21395624.172884740 3417687.858318994


21395624.135220859 3417687.832776044


21395624.093314860 3417687.798902415


21395624.058518767 3417687.769930819


21395624.027368125 3417687.735545445


21395623.989281036 3417687.705848280


21395623.957061406 3417687.676260086


21395623.919756047 3417687.648255582


21395623.883281667 3417687.615567116


21395623.851403516 3417687.576882648


21395623.816067901 3417687.544903830


21395623.783227723 3417687.507282218


21395623.743548706 3417687.482701532


21395623.707158443 3417687.447203044


21395623.675174590 3417687.412382260


21395623.644207191 3417687.380434664


21395623.601466116 3417687.355717578


21395623.569566883 3417687.319768591


21395623.534431316 3417687.291946174


21395623.502444893 3417687.258493051


21395623.131817788 3417686.911946089


21395623.103505995 3417686.879325677


21395623.075810298 3417686.844499934


21395623.052343469 3417686.811758228


21395623.012770426 3417686.786603579


21395622.985929307 3417686.759291482


21395622.952968791 3417686.724036689


21395622.888622966 3417686.658113618


21395622.861758702 3417686.621912110


21395622.829228621 3417686.591550728


21395622.765900910 3417686.527040783


21395622.729133036 3417686.503466608


21395622.704717908 3417686.473192223


21395622.649771374 3417686.403388536


21395622.631134685 3417686.369010193


21395622.602555797 3417686.333527748


21395622.569635812 3417686.292635683


21395622.538213700 3417686.263095139


21395622.504742790 3417686.226181996


21395622.474099599 3417686.194785681


21395622.439384341 3417686.170821807


21395622.407720864 3417686.137790606


21395622.377884775 3417686.107421368


21395622.348592404 3417686.078858010


21395622.319394726 3417686.051827696


21395622.290776022 3417686.022056448


21395622.260459576 3417685.991470128


21395622.230609834 3417685.956443668


21395622.201662801 3417685.924069728


21395622.162993517 3417685.895154486


21395622.129951108 3417685.867829094


21395622.100143481 3417685.843632423


21395621.803069223 3417685.537839062


21395621.771126792 3417685.512147774


21395621.739816174 3417685.485858902


21395621.682602171 3417685.467844281


21395621.650379870 3417685.442876514


21395621.618984517 3417685.407920610


21395621.588044524 3417685.380408329


21395621.555890866 3417685.355938892


21395621.520877626 3417685.332476938


21395621.496290084 3417685.300873567


21395621.466622323 3417685.268155527


21395621.439648643 3417685.232176871


21395621.409861151 3417685.206778704


21395621.375395723 3417685.180650046


21395621.340984937 3417685.156849533


21395621.315474778 3417685.122187243


21395621.283017620 3417685.094394091


21395621.249034900 3417685.068722754


21395621.220939614 3417685.033790032


21395621.189977217 3417685.003986257


21395621.154983886 3417684.980930702


21395621.094244860 3417684.918687174


21395621.056229200 3417684.893036785


21395621.023689270 3417684.864930256


21395620.965027325 3417684.801539047


21395620.935258243 3417684.771501825


21395620.904197957 3417684.744729985


21395620.851445924 3417684.685790502


21395620.818268459 3417684.662587823


21395620.791629348 3417684.633111411


21395620.766096760 3417684.604308002


21395620.740681436 3417684.572823616


21395620.708490107 3417684.547763140


21395620.684778009 3417684.522545839


21395620.661332626 3417684.493629614


21395620.628895115 3417684.469477142


21395620.603318404 3417684.437791037


21395620.578796811 3417684.412932799


21395620.554750316 3417684.381231735


21395620.526670258 3417684.352748935


21395620.503396560 3417684.325087781


21395620.479343534 3417684.300871817


21395620.450427748 3417684.271694888


21395620.429133069 3417684.245899506


21395620.404807221 3417684.223127773


21395620.152223077 3417683.967686853


21395620.125289980 3417683.945642911


21395620.099631522 3417683.923531063


21395620.073085792 3417683.897084719


21395620.048883025 3417683.870596988


21395620.021664314 3417683.847058830


21395619.993800245 3417683.822732277


21395619.972416554 3417683.792723964


21395619.924936090 3417683.746318898


21395619.901222900 3417683.720990718


21395619.871853989 3417683.696013540


21395619.822488438 3417683.650828207


21395619.798224226 3417683.626207714


21395619.770974495 3417683.604388649


21395619.722450942 3417683.555646621


21395619.700186983 3417683.538325278


21395619.675973918 3417683.510784197


21395619.651476927 3417683.486812836


21395619.627935063 3417683.462702765


21395619.603856359 3417683.444013047


21395619.584372461 3417683.425703481


21395619.553486962 3417683.413548863


21395619.538870007 3417683.392474923


21395619.514560703 3417683.374656093


21395619.473807111 3417683.337998976


21395619.455881879 3417683.319323022


21395619.439636603 3417683.302903878


21395619.423309293 3417683.292769270


21395619.413853850 3417683.274601918


21395619.402696848 3417683.263381794


21395619.308045551 3417683.189198065


21395619.312435970 3417683.184978304


21395619.311165348 3417683.183826387


21395619.311284635 3417683.179722312


21395619.309886675 3417683.178590121


21395619.309376381 3417683.180203007


21395619.309207007 3417683.180814556


21395619.310220689 3417683.178512929


21395619.312121131 3417683.178863980


21395619.312134180 3417683.178568147


21395619.312850203 3417683.178431777


21395619.311675102 3417683.182158062


21395619.312168010 3417683.180397494


21395619.313444994 3417683.180569825


21395619.313969098 3417683.177108646


21395619.311569382 3417683.179497749


21395619.311502915 3417683.179221174


21395619.311904121 3417683.179494476


21395619.315058425 3417683.177652442


21395619.308203563 3417683.179271914


21395619.308791205 3417683.177418011


21395619.308087513 3417683.177184632


21395619.307566237 3417683.176043869


21395619.308277160 3417683.177016443


21395619.306858663 3417683.178675171


21395619.308446094 3417683.179620692


21395619.308713097 3417683.179211488


21395619.304817572 3417683.181873958


21395619.310281374 3417683.178198150


21395619.309554249 3417683.180460012


21395619.305841230 3417683.178962341


21395619.307377227 3417683.179538735


21395619.310564134 3417683.177770310


21395619.307861201 3417683.180125413


21395619.307522353 3417683.178077272


21395619.307430107 3417683.180055702


21395619.308127660 3417683.179660769


21395619.308485243 3417683.178733194


21395619.312289361 3417683.173243938


