21395675.946741275 3417736.800466810


21395675.963636972 3417736.818210353


21395675.979124382 3417736.835394729


21395675.995596081 3417736.852162893


21395676.011565831 3417736.869767632


21395676.029674571 3417736.887665656


21395676.042502765 3417736.905153241


21395676.059656657 3417736.919955693


21395676.071766376 3417736.947116161


21395676.088730752 3417736.963731657


21395676.105343692 3417736.981903041


21395676.121485531 3417736.999173431


21395676.137714833 3417737.017237673


21395676.153919525 3417737.034415041


21395676.170787774 3417737.049349653


21395676.188468359 3417737.065847263


21395676.204530317 3417737.083099951


21395676.220594984 3417737.100629836


21395676.235195056 3417737.116732471


21395676.254190411 3417737.135638319


21395676.271245372 3417737.151735445


21395676.288357001 3417737.168737618


21395676.302028008 3417737.186013669


21395676.316326853 3417737.202285583


21395676.335228682 3417737.223040501


21395676.350604020 3417737.238544151


21395676.367016423 3417737.257401311


21395676.385914233 3417737.279376053


21395676.406062167 3417737.297143261


21395676.423924007 3417737.309351375


21395676.439901080 3417737.324442549


21395676.604996059 3417737.491658458


21395676.619362276 3417737.508299345


21395676.636060063 3417737.523734625


21395676.651553921 3417737.543210656


21395676.667704657 3417737.559760178


21395676.681349020 3417737.577572457


21395676.699129753 3417737.594531127


21395676.715610296 3417737.612204803


21395676.730360273 3417737.630597688


21395676.747027040 3417737.647752059


21395676.765825018 3417737.664405084


21395676.783989750 3417737.681507857


21395676.800943837 3417737.697070003


21395676.816658828 3417737.711442958


21395676.834665917 3417737.730358463


21395676.853938479 3417737.746637221


21395676.866999988 3417737.763531116


21395676.883747168 3417737.780758628


21395676.901429687 3417737.799085895


21395676.918710869 3417737.815494999


21395676.935424466 3417737.829285269


21395676.952709671 3417737.844474549


21395676.969601806 3417737.860222119


21395676.984337516 3417737.877155100


21395676.998702019 3417737.890358431


21395677.016468029 3417737.909072996


21395677.033247717 3417737.929626874


21395677.049020052 3417737.946605169


21395677.064262222 3417737.963163570


21395677.082524348 3417737.982076584


21395677.098508179 3417738.001122749


21395677.112616468 3417738.017470452


21395677.129764587 3417738.031681551


21395677.147321619 3417738.048586962


21395677.164558597 3417738.065366131


21395677.296414081 3417738.203003670


21395677.310419507 3417738.218613114


21395677.328752890 3417738.235030420


21395677.347642489 3417738.252902335


21395677.364131745 3417738.269836662


21395677.374204263 3417738.290807230


21395677.391738258 3417738.308618465


21395677.406909484 3417738.329335914


21395677.424427465 3417738.343876067


21395677.440794539 3417738.358094797


21395677.460391130 3417738.374906354


21395677.477708478 3417738.393385043


21395677.494444512 3417738.407840429


21395677.510139000 3417738.423377923


21395677.528328147 3417738.441349092


21395677.543929432 3417738.460398994


21395677.561224438 3417738.474959809


21395677.577789471 3417738.489860423


21395677.594506521 3417738.508899426


21395677.610101536 3417738.525676159


21395677.624087002 3417738.542505581


21395677.641480792 3417738.560650856


21395677.659733575 3417738.576976541


21395677.674563922 3417738.597068946


21395677.689490601 3417738.612336721


21395677.704663590 3417738.628341351


21395677.723214302 3417738.645791502


21395677.737979725 3417738.662502415


21395677.751515940 3417738.680666902


21395677.768566974 3417738.694731097


21395677.783923198 3417738.713173504


21395677.798694450 3417738.728849392


21395677.816205569 3417738.742687315


21395677.835552271 3417738.756766038


21395677.854894370 3417738.773635529


21395677.873492897 3417738.791085212


21395677.891963188 3417738.808462223


21395677.911037374 3417738.825648515


21395677.926613510 3417738.843756108


21395677.941526309 3417738.862498553


21395677.955017645 3417738.879332804


21395677.972492270 3417738.895961800


21395677.988510013 3417738.913584554


21395678.004603174 3417738.929136636


21395678.019607823 3417738.947490072


21395678.038794853 3417738.964804633


21395678.058588922 3417738.974092260


21395678.074961774 3417738.988902347


21395678.094103921 3417739.004886673


21395678.112944793 3417739.022666658


21395678.274909507 3417739.186032050


21395678.291468661 3417739.203594069


21395678.307626612 3417739.220882787


21395678.321817070 3417739.239114807


21395678.336944364 3417739.256968043


21395678.352198679 3417739.273138213


21395678.370234441 3417739.290094395


21395678.388066962 3417739.307459156


21395678.406647250 3417739.323042379


21395678.425544292 3417739.340045588


21395678.441245049 3417739.357856257


21395678.458312333 3417739.373583635


21395678.474360302 3417739.386142145


21395678.492669433 3417739.401709536


21395678.510135077 3417739.415788164


21395678.525257852 3417739.433179404


21395678.540639911 3417739.447740429


21395678.561978206 3417739.466604905


21395678.577148981 3417739.484014157


21395678.596047472 3417739.501165207


21395678.613452427 3417739.515558613


21395678.648008905 3417739.551038231


21395678.663165420 3417739.566987580


21395678.679559983 3417739.582388864


21395678.696776092 3417739.600295614


21395678.716932323 3417739.618912899


21395678.733922746 3417739.636563114


21395678.751375061 3417739.654171852


21395678.768211693 3417739.672396497


21395678.783780459 3417739.688120039


21395678.801905997 3417739.701212694


21395678.819469888 3417739.718820341


21395678.839798305 3417739.733850518


21395678.855105229 3417739.747247940


21395678.872673865 3417739.763709683


21395678.892049819 3417739.780782140


21395678.910614971 3417739.799710678


21395678.924947310 3417739.816148599


21395678.942172006 3417739.831671146


21395678.958866257 3417739.850008071


21395678.974110588 3417739.866788234


21395678.992401432 3417739.882115544


21395679.010625448 3417739.897129320


21395679.026632357 3417739.913643289


21395679.043394540 3417739.925880631


21395679.057026435 3417739.942417808


21395679.071402621 3417739.958448707


21395679.089332484 3417739.979250091


21395679.279934399 3417740.154736805


21395679.312711511 3417740.187572466


21395679.331282798 3417740.207129318


21395679.350616302 3417740.226383016


21395679.366379868 3417740.245727043


21395679.381176442 3417740.262363725


21395679.403305773 3417740.274086587


21395679.420614678 3417740.290070347


21395679.456007518 3417740.323046784


21395679.474699020 3417740.338591959


21395679.493404970 3417740.355615520


21395679.510162175 3417740.370606668


21395679.523562737 3417740.387940812


21395679.539133087 3417740.405457051


21395679.555295184 3417740.423170805


21395679.574390054 3417740.439211041


21395679.591068693 3417740.452687469


21395679.609117765 3417740.472637536


21395679.627389189 3417740.489240265


21395679.642787494 3417740.505464476


21395679.660628550 3417740.522071412


21395679.677996237 3417740.540808353


21395679.696697176 3417740.555688101


21395679.712544505 3417740.572185147


21395679.728042290 3417740.587170120


21395679.744483002 3417740.604031000


21395679.761909984 3417740.620678946


21395679.778752975 3417740.637924007


21395679.797007471 3417740.651163256


21395679.814283233 3417740.667017972


21395679.829631634 3417740.686292131


21395679.845379930 3417740.707336610


21395679.860323753 3417740.724359970


21395679.879250590 3417740.744412350


21395679.895367675 3417740.759151012


21395679.913899601 3417740.774679265


21395679.932309650 3417740.789155262


21395679.950182579 3417740.805761885


21395679.966016237 3417740.819228088


21395679.983435322 3417740.833436542


21395680.004672341 3417740.846831464


21395680.025137525 3417740.861176488


21395680.040010367 3417740.877461278


21395680.057095703 3417740.895036641


