21395637.818232760 3417699.941153035


21395637.817991409 3417699.944186372


21395637.818043429 3417699.942984561


21395637.817290064 3417699.944193228


21395637.816824600 3417699.942238731


21395637.817702733 3417699.942377999


21395637.817761071 3417699.941822982


21395637.817476325 3417699.942047543


21395637.817371972 3417699.942787827


21395637.816517729 3417699.943461513


21395637.817607775 3417699.944079232


21395637.817428686 3417699.942066491


21395637.817894552 3417699.942431570


21395637.818359330 3417699.942685767


21395637.817045189 3417699.943604211


21395637.818493035 3417699.941686456


21395637.818751685 3417699.942053559


21395637.817965899 3417699.943207098


21395637.817050647 3417699.942532226


21395637.818807494 3417699.941239823


21395637.817403853 3417699.942787516


21395637.816776019 3417699.943791657


21395637.817932211 3417699.943022612


21395637.817335937 3417699.942363102


21395637.817117840 3417699.942882719


21395637.818406198 3417699.937695284


21395637.818734068 3417699.936989779


21395637.819677945 3417699.937331702


21395637.817541659 3417699.937315622


21395637.818039402 3417699.937680388


21395637.816245802 3417699.938474146


21395637.815713964 3417699.939514314


21395637.815826990 3417699.939661062


21395637.816384699 3417699.939637128


21395637.818263602 3417699.939415463


21395637.818283513 3417699.939821864


21395637.817277506 3417699.939646883


21395637.817426063 3417699.938536535


21395637.817833588 3417699.939456631


21395637.816722549 3417699.938321634


21395637.816035647 3417699.939806874


21395637.816977948 3417699.938356100


21395637.818531141 3417699.939061698


21395637.816249773 3417699.938880702


21395637.818371747 3417699.939063256


21395637.816525448 3417699.939358527


21395637.816897161 3417699.938246001


21395637.817608446 3417699.939255534


21395637.818563383 3417699.939098347


21395637.817513347 3417699.939311909


21395637.818691626 3417699.939171019


21395637.816735327 3417699.941260079


21395637.816718347 3417699.939522977


21395637.818559140 3417699.941926070


21395637.818958946 3417699.940425153


21395637.817708962 3417699.939753554


21395637.816841852 3417699.940741555


21395637.817802027 3417699.941120281


21395637.817027304 3417699.941774710


21395637.818243459 3417699.940616963


21395637.818645384 3417699.940964185


21395637.818532005 3417699.940780477


21395637.817339413 3417699.941087839


21395637.819727663 3417699.940787272


21395637.815977268 3417699.941988271


21395637.815123610 3417699.941091018


21395637.816301703 3417699.940931650


21395637.816837154 3417699.940261079


21395637.815440778 3417699.940921585


21395637.815191343 3417699.941496953


21395637.814701051 3417699.940263478


21395637.815570105 3417699.941105135


21395637.815293349 3417699.940516431


21395637.817244858 3417699.941199654


21395637.817805279 3417699.941452919


21395637.814561386 3417699.940652957


21395637.814891063 3417699.940132249


21395637.817908864 3417699.942265095


21395637.815156031 3417699.941146147


21395637.817206882 3417699.938945273


21395637.818809927 3417699.938227303


21395637.817824874 3417699.940195979


21395637.817737814 3417699.937812707


21395637.816446111 3417699.939396267


21395637.818315934 3417699.939876993


21395637.817957856 3417699.939122747


21395637.817985941 3417699.938734361


21395637.817757502 3417699.939827006


21395637.818138972 3417699.939712388


21395637.817092955 3417699.938706125


21395637.817905519 3417699.938661220


21395637.817146014 3417699.939241573


21395637.816940464 3417699.937783537


21395637.818155676 3417699.938159771


21395637.818825465 3417699.939816566


21395637.818793043 3417699.939761439


21395637.820609227 3417699.941277657


21395637.819247525 3417699.938962289


21395637.820051376 3417699.939656729


21395637.818576753 3417699.940465853


21395637.817509875 3417699.940587171


21395637.817606736 3417699.942341974


21395637.935473751 3417700.044815989


21395637.952696763 3417700.060153671


21395637.969941631 3417700.077727411


21395637.987609103 3417700.094502312


21395638.026155330 3417700.122254471


21395638.047793776 3417700.132669856


21395638.083683625 3417700.162647292


21395638.101616018 3417700.175538471


21395638.117311746 3417700.189560412


21395638.135110348 3417700.206703661


21395638.152046133 3417700.226904807


21395638.170291089 3417700.242417315


21395638.189034197 3417700.256705172


21395638.216332112 3417700.275308018


21395638.235997148 3417700.290954498


21395638.257333010 3417700.304662562


21395638.276703771 3417700.317927795


21395638.293882933 3417700.333672502


21395638.308613520 3417700.350069518


21395638.329992954 3417700.360080841


21395638.345050190 3417700.374016614


21395638.361014053 3417700.392637845


21395638.377840735 3417700.408201180


21395638.395887960 3417700.421423908


21395638.418018777 3417700.436547283


21395638.440155331 3417700.453888391


21395638.462835953 3417700.466548341


21395638.483271021 3417700.481059919


21395638.502350401 3417700.498763579


21395638.519420471 3417700.516394473


21395638.533544309 3417700.531060152


21395638.551998969 3417700.548455731


21395638.568504281 3417700.565389846


21395638.582715902 3417700.582512716


21395638.601568639 3417700.594969825


21395638.618763331 3417700.605779801


21395638.638442587 3417700.617988571


21395638.654236525 3417700.630641913


21395638.673209697 3417700.644003441


21395638.693156365 3417700.660737582


21395638.711273938 3417700.677896197


21395638.726200275 3417700.696379719


21395638.740201972 3417700.713227417


21395638.757520076 3417700.728508728


21395638.773331992 3417700.746262810


21395638.957202885 3417700.895127247


21395638.975951053 3417700.909932538


21395638.993531231 3417700.925932067


21395639.005647659 3417700.943981016


21395639.025673751 3417700.957424661


21395639.042794980 3417700.972134967


21395639.061650746 3417700.986532611


21395639.079274315 3417700.998816922


21395639.097868863 3417701.014215126


21395639.117443003 3417701.028716639


21395639.136292763 3417701.044130829


21395639.152044076 3417701.058946933


21395639.169121634 3417701.074082744


21395639.188323017 3417701.087959526


21395639.207674723 3417701.102537139


21395639.415320061 3417701.265067331


21395639.434590083 3417701.279442446


21395639.451838963 3417701.295796365


21395639.490565348 3417701.325672149


21395639.507674381 3417701.342397067


21395639.529117804 3417701.357323865


21395639.548322033 3417701.373122704


21395639.566130247 3417701.389619010


21395639.582727451 3417701.404537735


21395639.599384073 3417701.419012323


21395639.636954769 3417701.451338974


21395639.654193170 3417701.466621063


21395639.674933571 3417701.483014779


21395639.692442995 3417701.496667842


21395639.711557046 3417701.511395631


21395639.729520410 3417701.524194105


21395639.747775525 3417701.539115107


21395639.766348217 3417701.558801251


21395639.786413815 3417701.571394357


21395639.803236563 3417701.584924762


21395639.819771044 3417701.601581370


21395639.835177645 3417701.617010737


21395639.852594819 3417701.632642230


21395639.868574969 3417701.644776270


21395639.886041906 3417701.662236953


21395639.905424178 3417701.678311276


21395639.923085772 3417701.691223590


21395639.941801187 3417701.704310415


21395639.963572521 3417701.716905331


21395639.981739804 3417701.730995522


21395639.996859711 3417701.744819793


21395640.179138128 3417701.924841271


21395640.197447825 3417701.937192802


21395640.212461665 3417701.954843798


21395640.232760496 3417701.970095973


21395640.249962140 3417701.984879421


21395640.266837083 3417701.997226496


21395640.285316616 3417702.012274676


21395640.306826860 3417702.027515010


21395640.325407494 3417702.041490269


21395640.348258846 3417702.056939273


21395640.367453635 3417702.073403544


21395640.386539236 3417702.088482762


21395640.403661367 3417702.103285469


21395640.422444697 3417702.116796710


21395640.436358154 3417702.134403018


21395640.451194305 3417702.151815491


21395640.467964400 3417702.163221028


21395640.482543897 3417702.180469676


21395640.504700985 3417702.195019870


21395640.524455331 3417702.210018625


21395640.544025090 3417702.225703004


21395640.567514569 3417702.241201216


21395640.586788196 3417702.255945928


21395640.606429115 3417702.272387358


21395640.623181738 3417702.286897970


21395640.640555646 3417702.301365549


21395640.656647246 3417702.318377636


21395640.672539938 3417702.336241822


21395640.686532773 3417702.352184013


21395640.705391109 3417702.365213997


21395640.721434750 3417702.380581696


21395640.738702502 3417702.395604758


21395640.761754520 3417702.412012842


21395640.781844508 3417702.427100726


21395640.800875422 3417702.441478183


21395640.817720611 3417702.455673703


21395640.839998744 3417702.454883008


21395640.856700618 3417702.470724793


21395640.874048017 3417702.487373455


21395640.892228987 3417702.504494492


21395640.910568990 3417702.521577009


21395640.931518637 3417702.536545601


21395640.952163480 3417702.549687496


21395640.969604444 3417702.562860708


21395640.986737087 3417702.577108866


21395641.005354475 3417702.591582772


21395641.023398530 3417702.607744104


21395641.037425596 3417702.623926221


21395641.053721968 3417702.637424808


21395641.075538859 3417702.653050260


21395641.094977848 3417702.668403249


21395641.315594286 3417702.849990559


21395641.334368318 3417702.865812088


21395641.352458749 3417702.881825116


21395641.373907443 3417702.895661454


21395641.391367372 3417702.910775046


21395641.410362069 3417702.924709298


21395641.428938728 3417702.938278005


21395641.445821848 3417702.956354289


21395641.462449297 3417702.971106387


21395641.480036743 3417702.986218736


21395641.500231214 3417703.002211195


21395641.520882521 3417703.017644743


21395641.540109951 3417703.032556244


21395641.560361221 3417703.044574611


21395641.596793994 3417703.071386400


21395641.613325991 3417703.092681911


21395641.630930055 3417703.109494400


21395641.647334803 3417703.127556879


21395641.663630366 3417703.144234307


21395641.679621309 3417703.159103517


21395641.701990895 3417703.172561222


21395641.723500099 3417703.186064301


21395641.741012357 3417703.201639423


21395641.778100289 3417703.235135139


21395641.795863207 3417703.251890630


21395641.815726966 3417703.266666541


21395641.836775403 3417703.278695598


21395641.856231004 3417703.295748731


21395641.872969307 3417703.310425821


21395641.891458586 3417703.326471914


21395641.907010987 3417703.342140120


21395641.923439845 3417703.359407653


21395641.940927994 3417703.375777719


21395641.960023612 3417703.388620573


21395641.977863610 3417703.401845331


21395641.993728384 3417703.413592390


21395642.010783095 3417703.429652506


21395642.031088822 3417703.443980538


21395642.050957318 3417703.457610544


21395642.065582637 3417703.474655450


21395642.082721196 3417703.491139819


21395642.099273507 3417703.504728317


21395642.116030458 3417703.519682447


21395642.133374427 3417703.535979997


21395642.151638020 3417703.551769553


21395642.353621144 3417703.710732759


21395642.372667093 3417703.725017660


21395642.393533241 3417703.739598958


21395642.411966078 3417703.753132109


21395642.431085948 3417703.766824878


21395642.449385662 3417703.779786402


21395642.468968775 3417703.796838290


21395642.644834939 3417703.952009322


21395642.666314781 3417703.952723441


21395642.684629805 3417703.968882126


21395642.703674309 3417703.983019192


21395642.721732676 3417703.999014053


21395642.738028552 3417704.017354820


21395642.758783162 3417704.030310830


21395642.775760699 3417704.046630443


21395642.795511607 3417704.061278086


21395642.814563114 3417704.077762243


21395642.831117861 3417704.094862215


21395642.848241020 3417704.111402183


21395642.869365949 3417704.121471449


21395642.885461107 3417704.140479514


21395642.902325120 3417704.154970561


21395642.915117826 3417704.175341581


21395642.934801817 3417704.192928451


21395642.953542475 3417704.210228835


21395642.968854871 3417704.225806980


21395642.987807889 3417704.240370016


21395643.006434839 3417704.249299359


21395643.022979334 3417704.263719603


21395643.037892472 3417704.280854104


21395643.054629061 3417704.298617634


21395643.073153108 3417704.314959094


21395643.093080167 3417704.332950182


21395643.111715209 3417704.350861490


21395643.130642626 3417704.367698011


21395643.154189900 3417704.382585770


21395643.170764197 3417704.400055182


21395643.187946100 3417704.414450714


21395643.207878847 3417704.429761919


21395643.227623928 3417704.445444587


21395643.243290793 3417704.461407383


21395643.259812985 3417704.476807368


21395643.274813000 3417704.496306662


21395643.293223482 3417704.512445933


21395643.306633539 3417704.530740984


21395643.325811345 3417704.545468156


21395643.343721148 3417704.562573365


21395643.358366288 3417704.583277429


21395643.376705017 3417704.600230594


21395643.395445541 3417704.615886120


21395643.417600587 3417704.625335425


21395643.441780109 3417704.629885804


21395643.459221061 3417704.643059020


21395643.475386530 3417704.661105359


21395643.490595836 3417704.677553147


21395643.504474610 3417704.698135331


21395643.520369735 3417704.719510995


21395643.537435640 3417704.736716860


21395643.558653720 3417704.751424090


21395643.715497393 3417704.894712612


21395643.733367994 3417704.907807704


21395643.750326473 3417704.925439695


21395643.768508196 3417704.941008276


21395643.784978054 3417704.962470730


21395643.804262869 3417704.978361198


21395643.813149091 3417705.011689024


21395643.837164655 3417705.017405347


21395643.856366470 3417705.028066340


21395643.877398197 3417705.041648017


21395643.894756746 3417705.054544816


21395643.911415439 3417705.072493926


21395643.930710275 3417705.086148024


21395643.948569547 3417705.102976505


21395643.967423812 3417705.118852699


21395643.984472230 3417705.132639645


21395644.000038173 3417705.149693839


21395644.019289758 3417705.168708018


21395644.038743950 3417705.183986938


21395644.054824520 3417705.199871761


21395644.073982220 3417705.214174056


21395644.090469193 3417705.232494477


21395644.105959948 3417705.250011445


21395644.121529546 3417705.265808857


21395644.138096705 3417705.279286323


21395644.153633658 3417705.296636505


21395644.171448268 3417705.310526851


21395644.190036699 3417705.323670372


21395644.209686279 3417705.340998836


21395644.228827681 3417705.355264327


21395644.249971434 3417705.365629116


21395644.270993087 3417705.376549545


21395644.291972294 3417705.389651213


21395644.307445448 3417705.408628399


21395644.322691869 3417705.425611791


21395644.338979654 3417705.441494590


21395644.357281808 3417705.457967592


21395644.372701399 3417705.474727513


21395644.567212757 3417705.658639988


21395644.582813825 3417705.676026509


21395644.600181177 3417705.691455199


21395644.615729231 3417705.706679892


21395644.634175427 3417705.721580553


21395644.649366487 3417705.736161881


21395644.667128444 3417705.747927362


21395644.685277481 3417705.766675096


21395644.702174176 3417705.784510991


21395644.719410084 3417705.804431987


21395644.734573696 3417705.822728381


21395644.751974691 3417705.839967937


21395644.767303381 3417705.855582890


21395644.783559695 3417705.869876582


21395644.799348421 3417705.886891637


21395644.816222955 3417705.900828134


21395644.833962698 3417705.916844596


21395644.849871404 3417705.931455872


21395644.867657524 3417705.947324027


21395644.884999726 3417705.968334400


21395644.902092125 3417705.983359182


21395644.920774344 3417705.997943351


21395645.090306558 3417706.167259292


21395645.106290583 3417706.183052655


21395645.125258408 3417706.199131037


21395645.141901921 3417706.215527844


21395645.158815283 3417706.233437505


21395645.177754655 3417706.243343320


21395645.194856405 3417706.260955432


21395645.208320923 3417706.281560150


21395645.225377060 3417706.297768110


21395645.244007170 3417706.310282851


21395645.262697514 3417706.325698609


21395645.280941050 3417706.339436913


21395645.298275124 3417706.353091698


21395645.315896243 3417706.368388538


21395645.335005943 3417706.382672821


21395645.348840050 3417706.400316875


21395645.363010831 3417706.419787311


21395645.379236575 3417706.439108292


21395645.565114763 3417706.628631162


21395645.581492718 3417706.645585013


21395645.599280056 3417706.663208907


21395645.613515090 3417706.677836545


21395645.630390614 3417706.695136684


21395645.646383982 3417706.713517375


21395645.679973781 3417706.749560790


21395645.696588259 3417706.767879965


21395645.714334864 3417706.784598660


21395645.733784899 3417706.799452548


21395645.748258039 3417706.817238208


21395645.765426837 3417706.833555955


21395645.780342132 3417706.850912218


21395645.794832252 3417706.870434979


21395645.809804764 3417706.888751722


21395645.827695232 3417706.903879596


21395645.845216379 3417706.918733856


21395645.862252828 3417706.932927517


21395645.880113218 3417706.948240500


21395645.900115363 3417706.962497580


21395645.917346299 3417706.978648387


21395645.933599222 3417706.997488582


21395645.950345960 3417707.014660608


21395645.968240313 3417707.033447796


21395645.986788962 3417707.050676136


21395646.002826087 3417707.065378567


21395646.019793496 3417707.080663315


21395646.036488984 3417707.097484693


21395646.053102106 3417707.112403273


21395646.068168487 3417707.128907906


21395646.085150030 3417707.144007700


21395646.102188423 3417707.160031020


21395646.117296077 3417707.177496288


21395646.150546037 3417707.214651922


21395646.167823933 3417707.235607480


21395646.185531028 3417707.253176714


21395646.201602742 3417707.268156032


21395646.219791323 3417707.284426849


21395646.237384629 3417707.303401796


21395646.254485283 3417707.320903031


21395646.272621352 3417707.336693841


21395646.285243630 3417707.355939155


21395646.298689902 3417707.374677413


21395646.312782742 3417707.389435811


21395646.327881545 3417707.405995574


21395646.346743163 3417707.424255823


21395646.362298574 3417707.441864569


21395646.377159368 3417707.458537547


21395646.393023141 3417707.473444970


21395646.411653880 3417707.489286390


21395646.430095732 3417707.503743539


21395646.448495544 3417707.518792508


21395646.463959429 3417707.538453605


21395646.481070615 3417707.555400290


21395646.493836936 3417707.573073264


21395646.507131483 3417707.589336474


21395646.523370631 3417707.608398583


21395646.538939953 3417707.627430275


21395646.699887376 3417707.794261214


21395646.719125584 3417707.811907892


21395646.737052578 3417707.829142308


21395646.754584156 3417707.846694777


21395646.774214081 3417707.860382569


21395646.791085217 3417707.878865573


21395646.807001419 3417707.897505763


21395646.821610339 3417707.917766627


21395646.836622853 3417707.936914652


21395646.852952715 3417707.957103252


21395646.868988257 3417707.976536982


21395646.883972414 3417707.992783678


21395646.899859171 3417708.008411661


21395646.918404568 3417708.025307363


21395646.935579371 3417708.040608568


21395646.950901370 3417708.055539769


21395646.966380559 3417708.071874034


21395646.984083854 3417708.089055194


21395647.003030818 3417708.106261159


21395647.191785045 3417708.293205489


21395647.205974784 3417708.308092312


21395647.220272806 3417708.324271788


21395647.236122176 3417708.342598446


21395647.250565603 3417708.360606177


21395647.266112294 3417708.378954273


21395647.283792567 3417708.397041256


21395647.298813567 3417708.417057831


21395647.318456132 3417708.432039211


21395647.333894227 3417708.447431318


21395647.350535888 3417708.465269710


21395647.364987437 3417708.484109032


21395647.382128689 3417708.500870610


21395647.397824440 3417708.519790179


21395647.415553115 3417708.536305754


21395647.430156071 3417708.555956786


21395647.446148217 3417708.572581743


21395647.460462362 3417708.588779544


21395647.477743771 3417708.606833461


21395647.497349903 3417708.622979536


21395647.512268670 3417708.639060537


21395647.530079074 3417708.654152232


21395647.546095062 3417708.673216525


21395647.562759344 3417708.691738514


21395647.576485112 3417708.709716298


21395647.591571227 3417708.726608852


21395647.607664522 3417708.747058506


21395647.622979753 3417708.764558714


21395647.637464173 3417708.780237366


21395647.651746169 3417708.799669756


21395647.667952076 3417708.815331582


21395647.683170084 3417708.831040028


21395647.701518286 3417708.845701389


21395647.719847385 3417708.863301510


21395647.739320755 3417708.878912917


21395647.755704980 3417708.891615948


21395647.769749232 3417708.907927276


21395647.785986569 3417708.926804589


21395647.802381273 3417708.947103444


21395647.814482283 3417708.965207998


21395647.828668363 3417708.981351606


21395647.839968178 3417708.994141296


21395647.857141670 3417709.010939524


21395647.871304724 3417709.027988954


21395647.887533795 3417709.044389816


21395647.904426515 3417709.061819160


21395647.920157623 3417709.079463157


21395648.080035731 3417709.247801575


21395648.099038903 3417709.262604387


21395648.117057063 3417709.277749499


21395648.133101769 3417709.293228085


21395648.150787901 3417709.308653665


21395648.168340106 3417709.326686454


21395648.182423826 3417709.343773624


21395648.194146607 3417709.362325432


21395648.210222609 3417709.379374648


21395648.225815855 3417709.397592918


21395648.239884306 3417709.416380543


21395648.256469835 3417709.433369332


21395648.275256984 3417709.452166278


21395648.290524889 3417709.471348773


21395648.304428160 3417709.489546599


21395648.323498797 3417709.507989626


21395648.344328441 3417709.525362008


21395648.361977912 3417709.543560182


21395648.375754934 3417709.561888614


21395648.393572014 3417709.577664065


21395648.410998106 3417709.597472318


21395648.425911900 3417709.616307125


21395648.438773677 3417709.633960685


21395648.454709154 3417709.649680600


21395648.474108241 3417709.665847182


21395648.489079297 3417709.684016092


21395648.505525380 3417709.699786460


21395648.521673221 3417709.719293023


21395648.537577990 3417709.738395365


21395648.551761273 3417709.757514535


21395648.565050755 3417709.773260314


21395648.583771888 3417709.788564888


21395648.599508226 3417709.806744797


21395648.614550628 3417709.825689237


21395648.632069416 3417709.840303263


21395648.647734955 3417709.857763086


21395648.663469534 3417709.874131819


21395648.677974544 3417709.891917171


21395648.697278310 3417709.909748026


21395648.716050468 3417709.927011149


21395648.732974660 3417709.946029602


21395648.753155332 3417709.962243991


21395648.767878033 3417709.981099144


21395648.783404589 3417710.000648743


21395648.944804799 3417710.173038241


21395648.957480669 3417710.192874446


21395648.973385260 3417710.211958309


21395648.988252185 3417710.229259603


21395649.008278880 3417710.246029944


21395649.027418416 3417710.261737024


21395649.044536632 3417710.279404425


21395649.061552983 3417710.299697208


21395649.073821235 3417710.315342078


21395649.089626662 3417710.330804523


21395649.105045430 3417710.350743289


21395649.121947762 3417710.367525684


21395649.138015445 3417710.383724829


21395649.154403061 3417710.404929355


21395649.169963293 3417710.424663439


21395649.183740672 3417710.443028833


21395649.201254584 3417710.457143905


21395649.220554963 3417710.472997266


21395649.237153128 3417710.491279644


21395649.257652283 3417710.505827576


21395649.273887176 3417710.521193418


21395649.290899277 3417710.537789927


21395649.304552753 3417710.556526162


21395649.316355277 3417710.573450814


21395649.332318027 3417710.591961181


21395649.348118216 3417710.613411707


21395649.362017918 3417710.629613562


21395649.377512321 3417710.645873754


21395649.395508844 3417710.663698907


21395649.409379333 3417710.681804648


21395649.427481566 3417710.702290114


21395649.443428598 3417710.719192737


21395649.461525507 3417710.735871051


21395649.478518192 3417710.753742979


21395649.493726037 3417710.770042936


21395649.509560447 3417710.785209393


21395649.525743283 3417710.803403423


21395649.541766398 3417710.819935672


21395649.557439923 3417710.836582228


21395649.574687421 3417710.856059561


21395649.591629714 3417710.875299618


21395649.609703049 3417710.892828314


21395649.624766573 3417710.907410896


21395649.641939700 3417710.924172166


21395649.671165604 3417710.960627876


21395649.683434125 3417710.979562466


21395649.699851356 3417710.997273684


21395649.714817666 3417711.016588499


21395649.734556768 3417711.031661347


21395649.750625759 3417711.046363472


21395649.780483730 3417711.052891336


21395649.799175102 3417711.070044362


21395649.814076073 3417711.087567102


21395649.831470184 3417711.104104433


21395649.848747663 3417711.120125420


21395649.864988830 3417711.137764433


21395649.876738433 3417711.155798496


21395649.891488768 3417711.170957068


21395649.907180898 3417711.189507045


21395650.071577560 3417711.361848789


21395650.086009733 3417711.380337155


21395650.106017459 3417711.395167117


21395650.119718704 3417711.409005271


21395650.136819758 3417711.424917092


21395650.153663926 3417711.442272987


21395650.168948714 3417711.459921348


21395650.184831399 3417711.478395537


21395650.219510976 3417711.510140589


21395650.237900935 3417711.527444412


21395650.254391674 3417711.546152918


21395650.267679304 3417711.563340278


21395650.282333408 3417711.580070725


21395650.299297780 3417711.599938940


21395650.314387497 3417711.617201096


21395650.329669077 3417711.632890441


21395650.348032262 3417711.649085634


21395650.362885773 3417711.666645800


21395650.379701536 3417711.682726745


21395650.396364629 3417711.697866624


21395650.415724523 3417711.716547086


21395650.431568954 3417711.736001170


21395650.589781310 3417711.903542716


21395650.608107600 3417711.924118402


21395650.624231726 3417711.942830490


21395650.642147649 3417711.960564025


21395650.659942102 3417711.975655881


21395650.678811874 3417711.993121351


21395650.695839912 3417712.009717706


21395650.708370969 3417712.026154716


21395650.726626899 3417712.042794515


21395650.743077815 3417712.060690221


21395650.759328105 3417712.076000468


21395650.775746506 3417712.090569809


21395650.792279869 3417712.107115554


21395650.808556303 3417712.126731751


21395650.826534174 3417712.144279865


21395650.843761981 3417712.161742902


21395650.859078601 3417712.181017330


21395650.874587033 3417712.200345331


21395650.890123874 3417712.214424285


21395650.907069504 3417712.230744221


21395650.926611591 3417712.250125204


21395650.940929696 3417712.266729564


21395650.954752043 3417712.283172437


21395650.971824784 3417712.301080546


21395650.990013488 3417712.318996231


21395651.007523734 3417712.334368090


21395651.028060403 3417712.347862211


21395651.043320753 3417712.364642177


21395651.058257669 3417712.385842401


21395651.072784841 3417712.401003157


21395651.086008299 3417712.419780560


21395651.102823518 3417712.435806066


21395651.121062208 3417712.453943042


21395651.139748607 3417712.467325877


21395651.157061208 3417712.483679191


21395651.173927274 3417712.501644766


21395651.192036591 3417712.521224568


21395651.206045654 3417712.538829955


21395651.222463470 3417712.554970236


21395651.235511091 3417712.572067534


21395651.251660958 3417712.590150999


21395651.266278483 3417712.606401283


21395651.282965962 3417712.624035936


21395651.301257521 3417712.642689880


21395651.318412311 3417712.660837449


21395651.337106794 3417712.676678253


21395651.353389587 3417712.695314866


21395651.373428918 3417712.713378797


21395651.388961650 3417712.731930335


21395651.405693151 3417712.749176444


21395651.421130650 3417712.766139496


21395651.435634207 3417712.783777013


21395651.449266903 3417712.800388074


21395651.465060130 3417712.817865131


21395651.479965430 3417712.835831391


21395651.498136606 3417712.851954536


21395651.513204962 3417712.868662453


21395651.677432738 3417713.035147212


21395651.694447186 3417713.051983962


21395651.709667169 3417713.067895691


21395651.726638895 3417713.083623964


21395651.745125525 3417713.102664113


21395651.765613198 3417713.112776585


21395651.780157708 3417713.129711403


21395651.798319496 3417713.144873597


21395651.814845182 3417713.163895950


21395651.829533149 3417713.180829365


21395651.842461426 3417713.197133125


21395651.858881179 3417713.215103063


21395651.876652241 3417713.237587779


21395651.893007688 3417713.255502902


21395651.909515537 3417713.271069374


21395651.928119298 3417713.285783692


21395651.944446664 3417713.304087201


21395651.962374594 3417713.319787646


21395651.978520341 3417713.335819698


21395651.996639501 3417713.353144654


21395652.024481747 3417713.362205721


21395652.039433103 3417713.378360334


21395652.059404425 3417713.392728618


21395652.078663614 3417713.410892582


21395652.095065076 3417713.428622440


21395652.112316761 3417713.446898434


21395652.131432179 3417713.463400463


21395652.146044597 3417713.480759693


21395652.159728318 3417713.499329302


21395652.171255842 3417713.517476429


21395652.185941327 3417713.532524748


21395652.207874820 3417713.548666566


21395652.224747833 3417713.564081618


21395652.241056006 3417713.582052647


21395652.261422660 3417713.599355636


21395652.280895881 3417713.619846187


21395652.300822731 3417713.637818812


21395652.485156957 3417713.817820393


21395652.503437907 3417713.833757649


21395652.520583384 3417713.847691513


21395652.539702725 3417713.866226477


21395652.557881579 3417713.886397012


21395652.577288188 3417713.904966132


21395652.595683787 3417713.921216455


21395652.611517925 3417713.939617195


21395652.628460925 3417713.958931176


21395652.642943256 3417713.977659313


21395652.656948522 3417713.994876626


21395652.671036337 3417714.014015215


21395652.686525438 3417714.031365877


21395652.702960134 3417714.045972025


21395652.723821189 3417714.060035908


21395652.740470640 3417714.077042560


21395652.756635807 3417714.091799193


21395652.773397919 3417714.108915635


21395652.791401118 3417714.127424545


21395652.807961795 3417714.145134366


21395652.821995512 3417714.162000251


21395652.838551179 3417714.177566258


21395652.857517801 3417714.196786535


21395652.873458095 3417714.214631788


21395652.888504907 3417714.230766990


21395652.905122433 3417714.249400335


21395652.923588291 3417714.266315307


21395652.940210063 3417714.282120929


21395652.956342217 3417714.298393377


21395652.973467737 3417714.313547218


21395653.157768663 3417714.504822896


21395653.175576698 3417714.519674364


21395653.191509001 3417714.538332887


21395653.204480216 3417714.554137225


21395653.221209500 3417714.572787958


21395653.237026244 3417714.591041015


21395653.251691226 3417714.607253876


21395653.269248698 3417714.624196211


21395653.290026668 3417714.642807372


21395653.306363963 3417714.662127273


21395653.323293600 3417714.680073748


21395653.340687882 3417714.696629565


21395653.357949406 3417714.712650714


21395653.377093442 3417714.728819796


21395653.393214583 3417714.743964975


21395653.407945305 3417714.760380490


21395653.424759258 3417714.776276642


21395653.440075278 3417714.797122016


21395653.455263648 3417714.816323773


21395653.469303142 3417714.833781014


21395653.486993998 3417714.848060697


21395653.504251238 3417714.862011952


21395653.520892471 3417714.881439771


21395653.536761053 3417714.898472540


21395653.553148378 3417714.916387354


21395653.686751768 3417715.050126404


21395653.703205112 3417715.065009593


21395653.720970564 3417715.080397444


21395653.739043701 3417715.097907668


21395653.755348440 3417715.115527583


21395653.771952961 3417715.132830382


21395653.787575811 3417715.147555354


21395653.802866410 3417715.164168696


21395653.820886903 3417715.179554053


21395653.836348686 3417715.195740645


21395653.853301484 3417715.207902161


21395653.870279212 3417715.222613891


21395653.890316322 3417715.242082449


21395653.904933028 3417715.261511575


21395653.922157567 3417715.278641981


21395653.938178234 3417715.298186757


21395653.955203552 3417715.314505919


21395653.971555248 3417715.330406589


21395653.987562776 3417715.346975961


21395654.004233219 3417715.364499894


21395654.019019891 3417715.381746534


21395654.036265656 3417715.397786319


21395654.051522974 3417715.412625756


21395654.070137162 3417715.430038282


21395654.087924648 3417715.447680670


21395654.105550844 3417715.461868579


21395654.122548800 3417715.478650050


21395654.141796194 3417715.497239210


21395654.158969618 3417715.515663824


21395654.174201019 3417715.531113405


21395654.190143112 3417715.549143462


21395654.206818029 3417715.568755768


21395654.222208828 3417715.584203792


21395654.381912712 3417715.757570988


21395654.400644846 3417715.774002841


21395654.419863161 3417715.789616753


21395654.436649062 3417715.804274913


21395654.453357212 3417715.820763513


21395654.467806168 3417715.834446509


21395654.483538922 3417715.850630453


21395654.497763004 3417715.867402071


21395654.516401168 3417715.888898795


21395654.532642052 3417715.909772092


21395654.550026756 3417715.925348481


21395654.565152675 3417715.943053845


21395654.584131707 3417715.958651613


21395654.601016682 3417715.973659957


21395654.621012703 3417715.985662362


21395654.807421766 3417716.164294545


21395654.823835414 3417716.180009795


21395654.841501385 3417716.196636885


21395654.859571405 3417716.215459333


21395654.876052018 3417716.233132976


21395654.889985755 3417716.249556283


21395654.904140793 3417716.267418989


21395654.918588080 3417716.282562048


21395654.930672042 3417716.300555886


21395654.947909314 3417716.315727121


21395654.966708541 3417716.329238231


21395654.984889872 3417716.344769870


21395654.997738257 3417716.361055931


21395655.015860613 3417716.373815911


21395655.031032860 3417716.392999349


21395655.046505388 3417716.407023495


21395655.060566954 3417716.425108892


21395655.076408759 3417716.447557025


21395655.100443207 3417716.456840131


21395655.114566099 3417716.471413433


21395655.129562192 3417716.487253427


21395655.145536751 3417716.503712234


21395655.164299134 3417716.519977455


21395655.178107880 3417716.536660729


21395655.194612920 3417716.548678770


21395655.213388171 3417716.564629682


21395655.230336722 3417716.579618923


21395655.244203083 3417716.595673258


21395655.261402339 3417716.610216491


21395655.280064519 3417716.627647034


21395655.295377467 3417716.648178252


21395655.311512504 3417716.664746378


21395655.326491170 3417716.682065070


21395655.344083946 3417716.699358213


21395655.360010367 3417716.714154147


21395655.539416190 3417716.895534619


21395655.553570550 3417716.911697028


21395655.569175646 3417716.926237362


21395655.588636305 3417716.942181574


21395655.608245295 3417716.958623341


21395655.623608589 3417716.972888813


21395655.638002224 3417716.989067365


21395655.656893659 3417717.008750420


21395655.671946328 3417717.028748218


21395655.687987715 3417717.045520558


21395655.703245893 3417717.062078772


21395655.721350543 3417717.079551729


21395655.738207292 3417717.093303603


21395655.755023129 3417717.106131798


21395655.771439712 3417717.120516347


21395655.805174351 3417717.117562255


21395655.822043248 3417717.130925898


21395655.837454993 3417717.148517582


21395655.853131618 3417717.170375919


21395655.869191334 3417717.192285958


21395656.042214263 3417717.351809675


21395656.061236419 3417717.373450499


21395656.077350184 3417717.392735628


21395656.096320912 3417717.407483325


21395656.110533338 3417717.426324998


21395656.126362901 3417717.445890126


21395656.142471567 3417717.459760201


21395656.157944180 3417717.477055585


21395656.173636742 3417717.492389773


21395656.192614693 3417717.507876664


21395656.207333080 3417717.524661936


21395656.226011876 3417717.537268627


21395656.240138646 3417717.555501243


21395656.259066287 3417717.575627502


21395656.276884250 3417717.591495363


21395656.293296944 3417717.608744596


21395656.312599104 3417717.624782767


21395656.328535866 3417717.639005674


21395656.344219036 3417717.653378909


21395656.358521458 3417717.673273150


21395656.382142283 3417717.692429462


21395656.397771582 3417717.709446092


21395656.411702603 3417717.725592202


21395656.427608293 3417717.743160578


21395656.447649509 3417717.758156557


21395656.462565444 3417717.777213132


21395656.481720719 3417717.792901590


21395656.495983493 3417717.812001511


21395656.512469154 3417717.830192591


21395656.529930662 3417717.845472526


21395656.546335272 3417717.860263787


21395656.562895805 3417717.876328756


21395656.586166903 3417717.893954515


21395656.602661464 3417717.911424727


21395656.618158005 3417717.927906688


21395656.633367408 3417717.945999352


21395656.650967181 3417717.965639588


21395656.668478627 3417717.982767194


21395656.684204962 3417718.001557106


21395656.703511145 3417718.009851458


21395656.721331451 3417718.025959558


21395656.736082807 3417718.042855396


21395656.755414177 3417718.056989682


21395656.777063176 3417718.070121792


21395656.786616150 3417718.095015513


21395656.929310404 3417718.258568940


21395656.947611116 3417718.273267745


21395656.962822780 3417718.288329409


21395656.977546040 3417718.305613636


21395656.991711687 3417718.326193034


21395657.009983949 3417718.341243266


21395657.033504300 3417718.358275180


21395657.054606784 3417718.372576971


21395657.071222000 3417718.389343705


21395657.087039139 3417718.406007349


21395657.111954648 3417718.420623023


21395657.127666172 3417718.437897590


21395657.144435726 3417718.454145332


21395657.163310084 3417718.468820049


21395657.334565785 3417718.636733213


21395657.353641268 3417718.649151212


21395657.371239316 3417718.665353893


21395657.383602962 3417718.682605736


21395657.402749654 3417718.700678403


21395657.417954944 3417718.716719653


21395657.436310608 3417718.735409943


21395657.460994825 3417718.749196207


21395657.480296083 3417718.765141982


21395657.502379782 3417718.778713402


21395657.522537358 3417718.790936011


21395657.534978528 3417718.807965320


21395657.550001491 3417718.821661192


21395657.567984626 3417718.838118852


21395657.585724507 3417718.854153812


21395657.607813086 3417718.868224188


21395657.619875733 3417718.884037411


21395657.639773794 3417718.900698135


21395657.651994612 3417718.921278058


21395657.668309629 3417718.939951329


21395657.684210442 3417718.957020750


21395657.703878626 3417718.974626281


21395657.720685605 3417718.993072963


21395657.737853739 3417719.006064054


21395657.753996536 3417719.023426815


21395657.771995068 3417719.039828880


21395657.789949030 3417719.056564049


21395657.805823203 3417719.074169696


21395657.823262088 3417719.088766037


21395657.841966614 3417719.107268101


21395657.850180823 3417719.138717387


21395657.869302634 3417719.152613461


21395657.886556152 3417719.169447883


21395657.903740086 3417719.187317953


21395657.920392953 3417719.204675729


21395657.935202103 3417719.220961114


21395658.108331937 3417719.389798531


21395658.126103289 3417719.407422601


21395658.140781440 3417719.424984493


21395658.162152141 3417719.440632819


21395658.183287591 3417719.455045180


21395658.198114119 3417719.471478248


21395658.213357925 3417719.489829319


21395658.224109579 3417719.510146378


21395658.240798071 3417719.529518298


21395658.254538443 3417719.542468963


21395658.275067460 3417719.556813324


21395658.294841662 3417719.572218512


21395658.308380105 3417719.590604733


21395658.323539559 3417719.606849730


21395658.338407226 3417719.622598577


21395658.355053365 3417719.640898980


21395658.371558439 3417719.657814646


21395658.390524954 3417719.673763693


21395658.406855054 3417719.690718031


21395658.421681043 3417719.707095658


21395658.437673651 3417719.725402449


21395658.453042354 3417719.740222320


21395658.469167408 3417719.757400441


21395658.499358863 3417719.768693316


21395658.517650351 3417719.782449654


21395658.534252875 3417719.799549181


21395658.553016014 3417719.814261951


21395658.567400157 3417719.832732315


21395658.583418913 3417719.848821062


21395658.596141897 3417719.866956511


21395658.616305470 3417719.884686573


21395658.633397736 3417719.902964135


21395658.651951358 3417719.915812314


21395658.665605389 3417719.932977621


21395658.682051811 3417719.948784963


21395658.698149312 3417719.966406913


21395658.714314777 3417719.982826894


21395658.898274627 3417720.166953629


21395658.915954050 3417720.181695473


21395658.936678037 3417720.199678799


21395658.953707587 3417720.219694244


21395658.970406689 3417720.235258857


21395658.987040542 3417720.252302635


21395659.002520055 3417720.268673876


21395659.016997356 3417720.285258210


21395659.031161144 3417720.300755194


21395659.047131717 3417720.316807450


21395659.060151234 3417720.334293146


21395659.073699832 3417720.352087858


21395659.090640329 3417720.369516752


21395659.106331576 3417720.386347963


21395659.123481095 3417720.403959630


21395659.136208147 3417720.419248878


21395659.148258410 3417720.437058234


21395659.204361852 3417720.447487974


21395659.222077977 3417720.464354841


21395659.237917781 3417720.480075705


21395659.253229722 3417720.497243291


21395659.272365343 3417720.515815071


21395659.291243847 3417720.530914828


21395659.307368446 3417720.544784753


21395659.325136233 3417720.560412848


21395659.343372636 3417720.575056842


21395659.361304104 3417720.592753275


21395659.377634477 3417720.606473335


21395659.392897744 3417720.621922612


21395659.411404483 3417720.639761276


21395659.426435474 3417720.657541501


21395659.439671870 3417720.672751844


21395659.458555117 3417720.686705697


21395659.473454025 3417720.705651552


21395659.493029498 3417720.721927317


21395659.509407144 3417720.735591472


21395659.527059060 3417720.749150765


21395659.544763580 3417720.766461303


21395659.563356977 3417720.781748663


21395659.578009974 3417720.798368243


21395659.597217165 3417720.816107653


21395659.614940152 3417720.833676753


21395659.630981483 3417720.852075477


21395659.644736256 3417720.868130907


21395659.663604554 3417720.885448553


21395659.681848492 3417720.902495077


21395659.699292790 3417720.917645815


21395659.714144874 3417720.933431778


21395659.734799366 3417720.949197998


21395659.752066653 3417720.965810510


21395659.767579898 3417720.980739858


21395659.785934921 3417720.996103475


21395659.804857545 3417721.014085927


21395659.821405325 3417721.032110070


21395659.836379956 3417721.050648591


21395659.854365889 3417721.064130693


21395659.875141259 3417721.084109531


21395659.891790196 3417721.099434375


21395659.907377668 3417721.115434932


21395659.925185688 3417721.130286408


21395659.941532575 3417721.148959371


21395659.958378252 3417721.163210361


21395660.125893820 3417721.331751530


21395660.142134007 3417721.350924537


21395660.156352885 3417721.365533869


21395660.174616013 3417721.382912875


21395660.195300221 3417721.398457026


21395660.210921649 3417721.417931787


21395660.229839798 3417721.433825864


21395660.359030437 3417721.567885344


21395660.378170297 3417721.583629403


21395660.395520121 3417721.602163194


21395660.414219946 3417721.620184787


21395660.430069998 3417721.638585381


21395660.448354714 3417721.654910727


21395660.491090339 3417721.659520052


21395660.508658174 3417721.674262990


21395660.524584539 3417721.690685310


21395660.542325724 3417721.705223256


21395660.560094409 3417721.720943754


21395660.575819336 3417721.737959453


21395660.591291077 3417721.753536064


21395660.612309199 3417721.772255782


21395660.629921690 3417721.789936854


21395660.646658812 3417721.806129472


21395660.663966641 3417721.823628705


21395660.682066943 3417721.840658153


21395660.696966391 3417721.859659449


21395660.712044876 3417721.875775869


21395660.730479956 3417721.891175667


21395660.749847714 3417721.905771642


21395660.765516691 3417721.921956219


21395660.783880927 3417721.938262307


21395660.801354341 3417721.954761916


21395660.819281518 3417721.970388458


21395660.832511134 3417721.988167807


21395660.854253910 3417722.002740570


21395660.870293830 3417722.019365080


21395660.888276413 3417722.035767304


21395660.902078729 3417722.055056548


21395660.917392652 3417722.072427414


21395660.931903586 3417722.090822615


21395660.954249311 3417722.106738642


21395660.975719973 3417722.122829554


21395660.991398346 3417722.139975082


21395661.006551430 3417722.157199669


21395661.025244839 3417722.171303230


21395661.038260654 3417722.185148097


21395661.061850891 3417722.202807709


21395661.224586233 3417722.368309189


21395661.263141181 3417722.377394952


21395661.283240851 3417722.393480784


21395661.299775220 3417722.411763802


21395661.315457840 3417722.426081606


21395661.330993973 3417722.438460278


21395661.346814942 3417722.453885626


21395661.364109047 3417722.469980393


21395661.381075140 3417722.485135807


21395661.398369379 3417722.502875433


21395661.416370973 3417722.519591662


21395661.434125155 3417722.535460154


21395661.450298339 3417722.547777154


21395661.468008004 3417722.562352372


21395661.485106044 3417722.581221292


21395661.501761425 3417722.598837792


21395661.517761525 3417722.614649502


21395661.536654882 3417722.629638228


21395661.554983933 3417722.647238370


21395661.571012169 3417722.661035315


21395661.590699121 3417722.674038757


21395661.609400839 3417722.688992392


21395661.626626216 3417722.707841586


21395661.641482037 3417722.725642009


21395661.652423564 3417722.744182982


21395661.666522272 3417722.761177615


21395661.687043194 3417722.779588006


21395661.702420738 3417722.795313395


21395661.720393203 3417722.810680752


21395661.897891089 3417722.961603857


21395661.914029993 3417722.975307310


21395661.931507468 3417722.988960720


21395661.949355394 3417723.007896238


21395661.987972822 3417723.036424010


21395662.007174134 3417723.050300832


21395662.028893556 3417723.064116083


21395662.061631765 3417723.092960055


21395662.078658096 3417723.111016488


21395662.093106665 3417723.131186530


21395662.109159634 3417723.147515209


21395662.123292889 3417723.166413106


21395662.142768152 3417723.183854194


21395662.160325959 3417723.200833503


21395662.175675593 3417723.216965756


21395662.193591889 3417723.233109890


21395662.212973814 3417723.252418531


21395662.232583553 3417723.267307848


21395662.248290643 3417723.280867671


21395662.266211182 3417723.294184082


21395662.283593331 3417723.309501765


21395662.302328143 3417723.326210828


21395662.319309097 3417723.341255209


21395662.337782416 3417723.355675111


21395662.356817015 3417723.372067059


21395662.376120288 3417723.386589741


21395662.390168559 3417723.400054885


21395662.405951280 3417723.416460130


21395662.424663603 3417723.434130455


21395662.439557809 3417723.452595839


21395662.455842245 3417723.469772408


21395662.471750855 3417723.486010090


21395662.488456678 3417723.500632082


21395662.502382219 3417723.517850187


21395662.516061980 3417723.534386874


21395662.696918719 3417723.706031972


21395662.716375776 3417723.733028214


21395662.733500138 3417723.749697572


21395662.750747185 3417723.764240350


21395662.767164648 3417723.778717308


21395662.784795154 3417723.793348747


21395662.805514026 3417723.812441025


21395662.824001931 3417723.829984173


21395662.839557339 3417723.845966564


21395662.859009262 3417723.856126143


21395662.881966379 3417723.869356370


21395662.901254747 3417723.885616467


21395662.917446114 3417723.901426309


21395662.935062710 3417723.914634802


21395662.951667700 3417723.933619433


21395662.983855817 3417723.968161108


21395663.003424369 3417723.985361026


21395663.021568466 3417724.003609835


21395663.038000241 3417724.017920320


21395663.056880586 3417724.031578503


21395663.076087449 3417724.047654580


21395663.094976597 3417724.063844653


21395663.261694919 3417724.219327185


21395663.281158708 3417724.238856807


21395663.296278954 3417724.257615687


21395663.327949326 3417724.288114959


21395663.342960574 3417724.305507268


21395663.357593466 3417724.321701974


21395663.374808136 3417724.334563248


21395663.391691644 3417724.349423765


21395663.427094128 3417724.365433974


21395663.444418710 3417724.379754215


21395663.464717690 3417724.393398534


21395663.482861467 3417724.409984004


21395663.502155516 3417724.430088214


21395663.517405000 3417724.445759409


21395663.533760458 3417724.462048170


21395663.549893264 3417724.480020930


21395663.566079259 3417724.493649999


21395663.582376834 3417724.507277979


21395663.600832313 3417724.524766000


21395663.619814977 3417724.539107001


21395663.635366771 3417724.554719798


21395663.650192928 3417724.571115913


21395663.669373505 3417724.587765176


21395663.690872155 3417724.606720464


21395663.710041124 3417724.623813400


21395663.725881640 3417724.639608191


21395663.741324749 3417724.655517755


21395663.757263068 3417724.671533369


21395663.773502480 3417724.685734846


21395663.788858797 3417724.702550855


21395663.807999142 3417724.719976739


21395663.827548008 3417724.735162359


21395663.863026474 3417724.767102943


21395663.882077366 3417724.783531696


21395663.899874307 3417724.798882290


21395663.917572405 3417724.812274806


21395663.935550377 3417724.824943802


21395663.953550067 3417724.838203997


21395663.969948471 3417724.853993337


21395663.986039959 3417724.866107842


21395664.004438180 3417724.884261760


21395664.021498416 3417724.900894783


21395664.039872933 3417724.918254226


21395664.057996977 3417724.934451777


21395664.074985869 3417724.950309272


21395664.254696980 3417725.118916132


21395664.272734459 3417725.134412228


21395664.289530724 3417725.153394992


21395664.307204299 3417725.169171869


21395664.322127171 3417725.185677929


21395664.337225426 3417725.200555895


21395664.354553744 3417725.216890594


21395664.370514013 3417725.231889507


21395664.386406317 3417725.248090388


21395664.407656029 3417725.262778868


21395664.424823280 3417725.280575184


21395664.444224305 3417725.296945071


21395664.459202811 3417725.312618917


21395664.479448684 3417725.327354169


21395664.495809875 3417725.345860663


21395664.512378916 3417725.361167816


21395664.527651738 3417725.377596528


21395664.546182629 3417725.393013879


21395664.564617421 3417725.411647960


21395664.581418287 3417725.427839962


21395664.599468637 3417725.443021747


21395664.618501063 3417725.459191940


21395664.638229184 3417725.476408783


21395664.655181453 3417725.493412495


21395664.676809970 3417725.506082780


21395664.698159609 3417725.522840220


21395664.713756599 3417725.541446590


21395664.729598649 3417725.554136462


21395664.746746264 3417725.568292104


21395664.761987880 3417725.586421426


21395664.779331103 3417725.601018713


21395664.797370616 3417725.615091710


21395664.816724408 3417725.629891125


21395664.836574897 3417725.649842047


21395665.011767026 3417725.807884657


21395665.031076659 3417725.821427758


21395665.049363703 3417725.837993350


21395665.067957629 3417725.853336157


21395665.089323476 3417725.866859165


21395665.107438851 3417725.882169686


21395665.123314492 3417725.898296804


21395665.140564784 3417725.913172221


21395665.158898517 3417725.931252845


21395665.174505085 3417725.944314652


21395665.191722415 3417725.959079502


21395665.207642626 3417725.974873518


21395665.225375529 3417725.993459015


21395665.243407004 3417726.009971659


21395665.260185376 3417726.027124921


21395665.275681581 3417726.041943557


21395665.294131409 3417726.060485085


21395665.312646851 3417726.077584411


21395665.330530349 3417726.093636462


21395665.348577172 3417726.111719890


21395665.365780726 3417726.126706655


21395665.382770833 3417726.144319889


21395665.400119428 3417726.161097949


21395665.416439261 3417726.175372569


21395665.433763292 3417726.189637376


21395665.452108409 3417726.202358231


21395665.471609540 3417726.220815561


21395665.489489600 3417726.236516494


21395665.508501437 3417726.250579991


21395665.525883578 3417726.265897680


21395665.544464089 3417726.281499361


21395665.562903129 3417726.297305723


21395665.579290412 3417726.315220554


21395665.594941769 3417726.332865353


21395665.610202260 3417726.349663820


21395665.627749037 3417726.365515864


21395665.646634076 3417726.379654527


21395665.662294421 3417726.393325700


21395665.678531747 3417726.410576660


21395665.696606163 3417726.426589882


21395665.714775849 3417726.442565211


21395665.733416636 3417726.459441534


21395665.749025773 3417726.477659674


21395665.767687242 3417726.493389935


21395665.787028886 3417726.508577585


21395665.799757134 3417726.525622578


21395665.816521510 3417726.544605656


21395665.831129558 3417726.561521388


21395665.847644407 3417726.577808594


21395665.864439670 3417726.593427724


21395665.885073561 3417726.607087255


21395665.904079609 3417726.620559399


21395665.920735620 3417726.634978586


21395665.937317479 3417726.651597806


21395666.115244340 3417726.808911408


21395666.130024649 3417726.825511272


21395666.148561314 3417726.841519977


21395666.167416725 3417726.859151948


21395666.181177527 3417726.879088456


21395666.197721545 3417726.895098155


21395666.214677420 3417726.912471464


21395666.232032381 3417726.928269940


21395666.248275403 3417726.942841016


21395666.281536661 3417726.935492968


21395666.302779458 3417726.951105596


21395666.319893874 3417726.966758571


21395666.336846236 3417726.980509526


21395666.354630250 3417726.997800816


21395666.372290365 3417727.015462950


21395666.386438329 3417727.032604958


21395666.405924641 3417727.049546944


21395666.421561990 3417727.069021557


21395666.437879197 3417727.086290219


21395666.453640822 3417727.098906955


21395666.472033579 3417727.111608866


21395666.488620590 3417727.125492762


21395666.503171735 3417727.143111352


21395666.518435385 3417727.163495213


21395666.536343850 3417727.180471102


21395666.556884035 3417727.195961225


21395666.574546721 3417727.212255698


21395666.589592546 3417727.229924897


21395666.608534381 3417727.246613464


21395666.626660403 3417727.263014296


21395666.644893713 3417727.277344144


21395666.659439985 3417727.294463778


21395666.675474841 3417727.310570862


21395666.691498581 3417727.328803434


21395666.707810909 3417727.345573141


21395666.726860348 3417727.361854060


21395666.744176965 3417727.381885191


21395666.763438810 3417727.400326380


21395666.949994400 3417727.584206100


21395666.966571201 3417727.600307886


21395666.983442862 3417727.617219982


21395667.001364965 3417727.632329097


21395667.019149024 3417727.647994010


21395667.036250163 3417727.665550717


21395667.054022443 3417727.681640821


21395667.072659384 3417727.699755447


21395667.088536058 3417727.717619826


21395667.103694636 3417727.732146057


21395667.119334519 3417727.745355393


21395667.134758785 3417727.760969440


21395667.150136042 3417727.779929112


21395667.168378200 3417727.795164472


21395667.187608849 3417727.808782274


21395667.207869031 3417727.823351059


21395667.223890465 3417727.839717014


21395667.238819111 3417727.856814432


21395667.256073143 3417727.873704308


21395667.273331512 3417727.891037700


21395667.293573715 3417727.907029741


21395667.308394756 3417727.924534804


21395667.432180230 3417728.058499335


21395667.449905854 3417728.077972024


21395667.461934779 3417728.100124765


21395667.480983902 3417728.114742347


21395667.497206464 3417728.128851587


21395667.515333701 3417728.147008158


21395667.531508081 3417728.161080907


21395667.548804563 3417728.175789542


21395667.567507528 3417728.190872546


21395667.585028015 3417728.207297780


21395667.601133622 3417728.225751332


21395667.616818879 3417728.241972722


21395667.657970175 3417728.244324325


21395667.675554018 3417728.262338355


21395667.691239372 3417728.275306987


21395667.707239997 3417728.291174144


21395667.887995221 3417728.509541735


21395667.906535804 3417728.527583379


21395667.921816692 3417728.546470068


21395667.935738198 3417728.564908002


21395667.953427754 3417728.579058350


21395667.969259541 3417728.595592495


21395667.983391788 3417728.611126762


21395667.998885538 3417728.628957920


21395668.014487084 3417728.646399913


21395668.041224968 3417728.684376993


21395668.056002155 3417728.702289080


21395668.073072810 3417728.721620318


21395668.088428609 3417728.743278510


21395668.101921011 3417728.761850009


21395668.118015282 3417728.777512955


21395668.134223793 3417728.795078387


21395668.147508118 3417728.811933132


21395668.158674587 3417728.830656732


21395668.172402602 3417728.850501156


21395668.186615665 3417728.871043140


21395668.200724293 3417728.889054169


21395668.212480843 3417728.909435344


21395668.229836419 3417728.928560501


21395668.457922440 3417729.068769026


21395668.472798876 3417729.087049775


21395668.490505129 3417729.106171505


21395668.506689213 3417729.122868542


21395668.521362770 3417729.141594831


21395668.548376109 3417729.175133644


21395668.558647916 3417729.195289067


21395668.573916297 3417729.214527029


21395668.588132795 3417729.235420131


21395668.603370249 3417729.253124423


21395668.620145317 3417729.271571435


21395668.636016339 3417729.290489320


21395668.649585903 3417729.308801322


21395668.660724197 3417729.324642072


21395668.671364065 3417729.344941752


21395668.681484338 3417729.362640608


21395668.696404260 3417729.380477376


21395668.708672643 3417729.396140748


21395668.725938641 3417729.412623915


21395668.742115222 3417729.431816037


21395668.758397605 3417729.450415717


21395668.773443419 3417729.468084919


21395668.788273893 3417729.484924555


21395668.805654440 3417729.504973548


21395668.819744729 3417729.524370874


21395668.834851369 3417729.543370156


21395668.845982295 3417729.563350852


21395668.854115479 3417729.583249950


21395668.867833059 3417729.600396168


21395668.885516193 3417729.617152482


21395668.900115516 3417729.634807569


21395668.917535216 3417729.653969062


21395669.019793432 3417729.619240881


21395669.036227711 3417729.640334088


21395669.052778311 3417729.660280301


21395669.067380607 3417729.681502300


21395669.080161761 3417729.703961881


21395669.096182115 3417729.720216961


21395669.109126009 3417729.739754862


21395669.123054009 3417729.758858070


21395669.134062622 3417729.774478310


21395669.149048284 3417729.792517733


21395669.165327776 3417729.810821735


21395669.179178789 3417729.830202918


21395669.195837896 3417729.849833886


21395669.210649490 3417729.868004380


21395669.226208396 3417729.887609134


21395669.370456032 3417730.058447758


21395669.386831254 3417730.073498069


21395669.408051684 3417730.091716824


21395669.427634530 3417730.108750279


21395669.442072880 3417730.124614226


21395669.457013614 3417730.142949793


21395669.469519328 3417730.163323648


21395669.482890122 3417730.177608612


21395669.498245027 3417730.192650412


21395669.514463197 3417730.207942516


21395669.581262950 3417730.195516964


21395669.600033049 3417730.212576844


21395669.616646465 3417730.227532418


21395669.633857090 3417730.248137519


21395669.650846906 3417730.268985038


21395669.666016087 3417730.286227960


21395669.683344837 3417730.305870865


21395669.701067250 3417730.323384542


21395669.717028536 3417730.340120720


21395669.729247209 3417730.352328524


21395669.744575061 3417730.369495970


21395669.761801179 3417730.386792718


21395669.777795833 3417730.402050046


21395669.794087745 3417730.416731540


21395669.814785827 3417730.433698653


21395669.993454549 3417730.619633025


21395670.011079606 3417730.640234075


21395670.028932199 3417730.659650082


21395670.045675743 3417730.678134366


21395670.061820623 3417730.697345283


21395670.078177098 3417730.715371311


21395670.089083880 3417730.731990550


21395670.105298936 3417730.748594880


21395670.120282251 3417730.766394067


21395670.133278839 3417730.786430456


21395670.146196861 3417730.804952126


21395670.179885294 3417730.813586474


21395670.195537079 3417730.834539479


21395670.206424840 3417730.857368712


21395670.222626977 3417730.875913734


21395670.238471758 3417730.893778427


21395670.254924368 3417730.913485338


21395670.269089784 3417730.934046274


21395670.284517203 3417730.953245718


21395670.298749231 3417730.969204091


21395670.312825382 3417730.988786373


21395670.323653139 3417731.007106691


21395670.334899660 3417731.025866473


21395670.351559758 3417731.042337081


21395670.364769343 3417731.062962802


21395670.380062327 3417731.083087640


21395670.394555487 3417731.101298213


21395670.408891007 3417731.121321517


21395670.423784286 3417731.139694512


21395670.436521910 3417731.157700462


21395670.449492719 3417731.173467861


21395670.462164599 3417731.191271153


21395670.476713344 3417731.210275889


21395670.485769987 3417731.228428699


21395670.502217144 3417731.242683601


21395670.519810412 3417731.260032205


21395670.539580233 3417731.281517896


21395670.553040300 3417731.296781511


21395670.695711784 3417731.451519622


21395670.711672608 3417731.471471600


21395670.727422655 3417731.489429630


21395670.743363708 3417731.504096071


21395670.759868518 3417731.522619653


21395670.776357569 3417731.541161870


21395670.791330587 3417731.557907709


21395670.804232042 3417731.573102857


21395670.823528916 3417731.588605140


21395670.888452098 3417731.583165486


21395670.920467459 3417731.614714858


21395670.937244866 3417731.633402110


21395670.953198466 3417731.652614898


21395670.968402274 3417731.668508327


21395670.985605590 3417731.685103000


21395671.002883315 3417731.702787358


21395671.017882433 3417731.718941532


21395671.032727674 3417731.732398898


21395671.049000029 3417731.746710953


21395671.065380797 3417731.763960518


21395671.078372866 3417731.783534915


21395671.094546467 3417731.799160128


21395671.106725842 3417731.817134568


21395671.125020731 3417731.831242043


21395671.141880184 3417731.850168754


21395671.158364177 3417731.868193539


21395671.176457945 3417731.884557731


21395671.192680843 3417731.905227930


21395671.206482816 3417731.922853847


21395671.221111353 3417731.938605047


21395671.239358962 3417731.952768427


21395671.255646080 3417731.970222207


21395671.270058636 3417731.988341159


21395671.281290349 3417732.005585599


21395671.297998033 3417732.023663640


21395671.314953849 3417732.042663337


21395671.334008869 3417732.059517138


21395671.348048080 3417732.078582299


21395671.364881217 3417732.093184580


21395671.382429600 3417732.109202953


21395671.399187371 3417732.124249527


21395671.414401293 3417732.141177828


21395671.432485171 3417732.154899252


21395671.448743843 3417732.172704459


21395671.464017004 3417732.189170141


21395671.476585068 3417732.207769159


21395671.495045941 3417732.225811586


21395671.511917628 3417732.247621304


21395671.526943751 3417732.263276211


21395671.545007352 3417732.276554277


21395671.564681001 3417732.291461467


21395671.582807057 3417732.306235930


21395671.747876763 3417732.475743732


21395671.767805576 3417732.492293289


21395671.784458861 3417732.506435289


21395671.800008871 3417732.520236920


21395671.815300275 3417732.538569063


21395671.827812936 3417732.556392395


21395671.843116488 3417732.574336308


21395671.858569551 3417732.589635893


21395671.875157662 3417732.608528295


21395671.891239006 3417732.626131936


21395671.907388128 3417732.642515135


21395671.924781088 3417732.658941620


21395671.945647996 3417732.675241751


21395671.965253137 3417732.691295470


21395671.978652511 3417732.706873868


21395671.994672444 3417732.724718371


21395672.009999879 3417732.743475239


21395672.023025502 3417732.761589265


21395672.037638452 3417732.777377579


21395672.056033351 3417732.796825255


21395672.073813509 3417732.815354858


21395672.091176167 3417732.833574353


21395672.106229603 3417732.850393333


21395672.122097593 3417732.867370687


21395672.137370214 3417732.883780932


21395672.152004160 3417732.900086527


21395672.169324514 3417732.915608127


21395672.187060378 3417732.931236555


21395672.204903707 3417732.951336473


21395672.229023475 3417732.970986946


21395672.244511977 3417732.988282196


21395672.260937937 3417733.008525337


21395672.419870719 3417733.176448259


21395672.438562687 3417733.195301619


21395672.456879508 3417733.214916390


21395672.473750874 3417733.235062773


21395672.488534685 3417733.255284997


21395672.506283913 3417733.272280932


21395672.520030972 3417733.290812984


21395672.534273520 3417733.306216807


21395672.548926890 3417733.321246984


21395672.564424697 3417733.336231949


21395672.581263784 3417733.351444064


21395672.596355829 3417733.367320109


21395672.614611205 3417733.382278123


21395672.631511562 3417733.402128516


21395672.647563145 3417733.421580608


21395672.665711310 3417733.441880847


21395672.681927934 3417733.460277875


21395672.700239792 3417733.476122456


21395672.715060998 3417733.493646006


21395672.730503533 3417733.509500145


21395672.746631116 3417733.525310622


21395672.763310760 3417733.542150676


21395672.779141579 3417733.560218808


21395672.795365885 3417733.576139232


21395672.813699104 3417733.592538050


21395672.837005813 3417733.610551608


21395672.854794685 3417733.628341864


21395672.868624195 3417733.645523955


21395672.883978140 3417733.662099740


21395672.901820969 3417733.680517842


21395672.918567035 3417733.699260847


21395672.933350805 3417733.714585458


21395672.951838676 3417733.732128621


21395672.969854269 3417733.751912672


21395672.984933309 3417733.766458169


21395673.001405559 3417733.783281769


21395673.016697858 3417733.801706313


