21395761.251329105 3417779.289726917


21395761.267855540 3417779.276203380


21395761.283044431 3417779.259569517


21395761.297194961 3417779.241079154


21395761.313614149 3417779.228000221


21395761.332851224 3417779.204747393


21395761.352990117 3417779.187325937


21395761.369753841 3417779.168717651


21395761.385036867 3417779.148663779


21395761.398388609 3417779.134894015


21395761.407698140 3417779.113660203


21395761.423915699 3417779.101156168


21395761.437766396 3417779.074814066


21395761.453389145 3417779.061798355


21395761.468377259 3417779.042560552


21395761.483891260 3417779.026570369


21395761.499513462 3417779.013499219


21395761.514653578 3417778.993502186


21395761.528874729 3417778.970815820


21395761.541020304 3417778.947798566


21395761.691944297 3417778.715286865


21395761.707806502 3417778.702305780


21395761.724009696 3417778.681799366


21395761.740794405 3417778.673503592


21395761.757572319 3417778.662879206


21395761.774003662 3417778.644514427


21395761.792254586 3417778.628017001


21395761.802666053 3417778.603722971


21395761.816310674 3417778.580765008


21395761.829674274 3417778.560046060


21395761.846721061 3417778.547570892


21395761.859080829 3417778.526898709


21395761.876474977 3417778.510816242


21395761.890363745 3417778.488373381


21395761.907684337 3417778.468022392


21395761.922235291 3417778.446460181


21395761.937810052 3417778.413835994


21395761.952915944 3417778.393599036


21395761.969329063 3417778.373367797


21395761.985582117 3417778.356335430


21395761.999294765 3417778.340344356


21395762.015857533 3417778.324011268


21395762.031241491 3417778.307763614


21395762.047777005 3417778.293537690


21395762.061328091 3417778.277326415


21395762.075123742 3417778.264938435


21395762.090288453 3417778.245828278


21395762.211166363 3417778.103411896


21395762.222842228 3417778.086165479


21395762.239242844 3417778.056490282


21395762.255370252 3417778.038017581


21395762.269617505 3417778.019637165


21395762.287534121 3417778.001553589


21395762.305152394 3417777.983934966


21395762.322196778 3417777.967948325


21395762.333967142 3417777.947318858


21395762.348286815 3417777.929824852


21395762.362868328 3417777.909759348


21395762.375195131 3417777.888976598


21395762.389613993 3417777.873477630


21395762.409113977 3417777.857559422


21395762.429003552 3417777.842358188


21395762.445491135 3417777.826487874


21395762.459699411 3417777.809013435


21395762.471806735 3417777.786976080


21395762.484198261 3417777.769556343


21395762.496152267 3417777.744877622


21395762.510282774 3417777.719438387


21395762.523318872 3417777.694564283


21395762.536816303 3417777.674490884


21395762.549718734 3417777.658784944


21395762.564911179 3417777.639249442


21395762.578415830 3417777.624812851


21395762.593700420 3417777.611449294


21395762.608668454 3417777.591786612


21395762.622471087 3417777.567052877


21395762.635524563 3417777.542326456


21395762.650251634 3417777.524107690


21395762.665588133 3417777.507897465


21395762.684136920 3417777.494150886


21395762.701641139 3417777.484443490


21395762.714954462 3417777.466737529


21395762.729830943 3417777.449127195


21395762.747338179 3417777.431565102


21395762.765574485 3417777.413570815


21395762.785411436 3417777.391347101


21395762.803569086 3417777.355500385


21395762.819333434 3417777.339027241


21395762.833126985 3417777.319893511


21395762.993977461 3417777.124432864


21395763.006182946 3417777.107550909


21395763.022986550 3417777.097924280


21395763.039267104 3417777.077176852


21395763.053891256 3417777.059846207


21395763.069264874 3417777.039273968


21395763.086733438 3417777.024281192


21395763.105818946 3417776.995300561


21395763.124973562 3417776.973397697


21395763.138881158 3417776.956147973


21395763.153714810 3417776.945579536


21395763.164016806 3417776.928032350


21395763.172232576 3417776.909063969


21395763.186614327 3417776.893029401


21395763.199711226 3417776.874382995


21395763.217790004 3417776.859846298


21395763.234124396 3417776.833184244


21395763.249227591 3417776.807772477


21395763.263313290 3417776.784274244


21395763.275021102 3417776.760503523


21395763.291263759 3417776.745670568


21395763.307111956 3417776.729621681


21395763.324693296 3417776.716383553


21395763.338168956 3417776.697345335


21395763.355424110 3417776.683352647


21395763.372913849 3417776.663998012


21395763.392194234 3417776.645180344


21395763.408644106 3417776.625447750


21395763.429021679 3417776.609613382


21395763.445113238 3417776.595632055


21395763.463070933 3417776.583388256


21395763.474643584 3417776.565366624


21395763.485614561 3417776.551028698


21395763.502459798 3417776.532604438


21395763.663854938 3417776.352108553


21395763.677189201 3417776.326751021


21395763.695305876 3417776.306299855


21395763.707769345 3417776.288084709


21395763.722885817 3417776.275462056


21395763.735494003 3417776.262272486


21395763.754631113 3417776.248372312


21395763.774756473 3417776.239360106


21395763.788519230 3417776.220337567


21395763.799389221 3417776.198922187


21395763.813001245 3417776.180788237


21395763.824096255 3417776.157929096


21395763.839913178 3417776.135411966


21395763.856140990 3417776.110894816


21395763.875641465 3417776.091760811


21395763.888811693 3417776.069195597


21395763.908554103 3417776.037288466


21395763.926120531 3417776.020890137


21395763.939162701 3417776.003168344


21395763.952224109 3417775.989050268


21395763.970105305 3417775.968971033


21395763.990837280 3417775.950250082


21395764.008675516 3417775.940465500


21395764.021091525 3417775.927185396


21395764.032359168 3417775.904047348


21395764.043172795 3417775.883390262


21395764.057725977 3417775.865321048


21395764.076165605 3417775.840394190


21395764.085260715 3417775.813525595


21395764.096733525 3417775.791808624


21395764.106206186 3417775.767690098


21395764.116849720 3417775.742673023


21395764.131995253 3417775.723230388


21395764.144612521 3417775.709338430


21395764.156475998 3417775.693346931


21395764.170721758 3417775.676445058


21395764.187727116 3417775.658093160


21395764.196475271 3417775.638140060


21395764.206030458 3417775.615942810


21395764.219461013 3417775.597182258


21395764.236476596 3417775.576612471


21395764.254251085 3417775.557033282


21395764.273607746 3417775.537863718


21395764.292933188 3417775.520394764


21395764.311097495 3417775.509719884


21395764.322991770 3417775.493617196


21395764.338040277 3417775.482196511


21395764.355415311 3417775.464155189


