2619 0000 0100
2618 0000 0100
2617 0000 0100
2613 0000 0100
2619 0000 0100
2619 0000 0100
2617 0000 0100
2618 0000 0100
2617 0000 0100
2619 0000 0100
2620 0000 0100
2616 0000 0100
2619 0000 0100
2620 0000 0100
2617 0000 0100
2619 0000 0100
2618 0000 0100
2617 0000 0100
2619 0000 0100
2619 0000 0100
2617 0000 0100
2617 0000 0100
2621 0000 0100
2618 0000 0100
2618 0000 0100
2618 0000 0100
2618 0000 0100
2617 0000 0100
2619 0000 0100
2618 0000 0100
2617 0000 0100
2618 0000 0100
2619 0000 0100
2618 0000 0100
2619 0000 0100
2618 0000 0100
2618 0000 0100
2617 0000 0100
2618 0000 0100
2619 0000 0100
2617 0000 0100
2618 0000 0100
2619 0000 0100
2618 0000 0100
2618 0000 0100
2618 0000 0100
2618 0000 0100
2619 0000 0100
2618 0000 0100
2618 0000 0100
2618 0000 0100
2619 0000 0100
2618 0000 0100
2618 0000 0100
2617 0000 0100
2618 0000 0100
2619 0000 0100
2618 0000 0100
2618 0000 0100
2618 0000 0100
2619 0000 0100
2619 0000 0100
2617 0000 0100
2619 0000 0100
2619 0000 0100
2618 0000 0100
2620 0000 0100
2618 0000 0100
2617 0000 0100
2617 0000 0100
2617 0000 0100
2619 0000 0100
2619 0000 0100
2619 0000 0100
2618 0000 0100
2617 0000 0100
2619 0000 0100
2618 0000 0100
2617 0000 0100
2619 0000 0100
2619 0000 0100
2618 0000 0100
2618 0000 0100
2619 0000 0100
2619 0000 0100
2618 0000 0100
2618 0000 0100
2619 0000 0100
2619 0000 0100
2619 0000 0100
2617 0000 0100
2617 0000 0100
2618 0000 0100
2619 0000 0100
2618 0000 0100
2618 0000 0100
2619 0000 0100
2618 0000 0100
2617 0000 0100
2618 0000 0100
2617 0000 0100
2617 0000 0100
2619 0000 0100
2619 0000 0100
2618 0000 0100
2619 0000 0100
2619 0000 0100
2618 0000 0100
2618 0000 0100
2618 0000 0100
2619 0000 0100
2619 0000 0100
2618 0000 0100
2618 0000 0100
2617 0000 0100
2619 0000 0100
2618 0000 0100
2618 0000 0100
2619 0000 0100
2618 0000 0100
2618 0000 0100
2618 0000 0100
2618 0000 0100
2619 0000 0100
2619 0000 0100
2618 0000 0100
2619 0000 0100
2617 0000 0100
2618 0000 0100
2618 0000 0100
2618 0000 0100
2618 0000 0100
2618 0000 0100
2618 0000 0100
2619 0000 0100
2618 0000 0100
2619 0000 0100
2619 0000 0100
2617 0000 0100
2617 0000 0100
2616 0000 0100
2618 0000 0100
2619 0000 0100
2618 0000 0100
2620 0000 0100
2619 0000 0100
2618 0000 0100
2618 0000 0100
2617 0000 0100
2618 0000 0100
2619 0000 0100
2618 0000 0100
2619 0000 0100
2618 0000 0100
2619 0000 0100
2617 0000 0100
2618 0000 0100
2618 0000 0100
2618 0000 0100
2618 0000 0100
2619 0000 0100
2619 0000 0100
2619 0000 0100
2618 0000 0100
2616 0000 0100
2619 0000 0100
2618 0000 0100
2619 0000 0100
2617 0000 0100
2618 0000 0100
2618 0000 0100
2617 0000 0100
2618 0000 0100
2617 0000 0100
2619 0000 0100
2618 0000 0100
2618 0000 0100
2617 0000 0100
2618 0000 0100
2618 0000 0100
2618 0000 0100
2618 0000 0100
2618 0000 0100
2619 0000 0100
2618 0000 0100
2618 0000 0100
2619 0000 0100
2619 0000 0100
2617 0000 0100
2618 0000 0100
2618 0000 0100
2618 0000 0100
2618 0000 0100
2618 0000 0100
2619 0000 0100
2618 0000 0100
2618 0000 0100
2619 0000 0100
2619 0000 0100
2618 0000 0100
2617 0000 0100
2618 0000 0100
2618 0000 0100
2617 0000 0100
2618 0000 0100
2617 0000 0100
2619 0000 0100
2618 0000 0100
2617 0000 0100
2618 0000 0100
2618 0000 0100
2618 0000 0100
2618 0000 0100
2619 0000 0100
2618 0000 0100
2618 0000 0100
2619 0000 0100
2619 0000 0100
2618 0000 0100
2617 0000 0100
2619 0000 0100
2619 0000 0100
2618 0000 0100
2618 0000 0100
2618 0000 0100
2618 0000 0100
2618 0000 0100
2619 0000 0100
2618 0000 0100
2617 0000 0100
2617 0000 0100
2617 0000 0100
2618 0000 0100
2619 0000 0100
2618 0000 0100
2618 0000 0100
2619 0000 0100
2617 0000 0100
2618 0000 0100
2618 0000 0100
2618 0000 0100
2619 0000 0100
2618 0000 0100
2620 0000 0100
2617 0000 0100
2618 0000 0100
2618 0000 0100
2617 0000 0100
2618 0000 0100
2619 0000 0100
2619 0000 0100
2618 0000 0100
2617 0000 0100
2619 0000 0100
2618 0000 0100
2619 0000 0100
2618 0000 0100
2617 0000 0100
2619 0000 0100
2617 0000 0100
2618 0000 0100
2618 0000 0100
2618 0000 0100
2620 0000 0100
2619 0000 0100
2617 0000 0100
2618 0000 0100
2618 0000 0100
2618 0000 0100
2618 0000 0100
2618 0000 0100
2619 0000 0100
2617 0000 0100
2618 0000 0100
2618 0000 0100
2618 0000 0100
2617 0000 0100
2619 0000 0100
2619 0000 0100
2619 0000 0100
2619 0000 0100
2618 0000 0100
2619 0000 0100
2617 0000 0100
2618 0000 0100
2618 0000 0100
2618 0000 0100
2619 0000 0100
2619 0000 0100
2619 0000 0100
2618 0000 0100
2618 0000 0100
2618 0000 0100
2618 0000 0100
2619 0000 0100
2618 0000 0100
2617 0000 0100
2619 0000 0100
2619 0000 0100
2619 0000 0100
2619 0000 0100
2618 0000 0100
2617 0000 0100
2618 0000 0100
2618 0000 0100
2618 0000 0100
2617 0000 0100
2619 0000 0100
2619 0000 0110
2619 0000 0100
2619 0000 0100
2619 0000 0100
2617 0000 0100
2617 0000 0100
2619 0000 0100
2619 0000 0100
2619 0000 0100
2618 0000 0100
2619 0000 0100
2618 0000 0100
2619 0000 0100
2624 0000 0100
2632 0000 0100
2637 0000 0100
2643 0000 0100
2653 0000 0100
2660 0000 0100
2666 0000 0100
2678 0000 0100
2688 0000 0100
2702 0000 0100
2713 0000 0100
2721 0000 0100
2732 0000 0100
2744 0000 0100
2753 0000 0100
2766 0000 0100
2773 0000 0100
2786 0000 0100
2798 0000 0100
2805 0000 0100
2815 0000 0100
2829 0000 0100
2843 0000 0100
2851 0000 0100
2859 0000 0100
2872 0000 0100
2884 0000 0100
2896 0000 0100
2910 0000 0100
2922 0000 0100
2929 0000 0100
2938 0000 0100
2946 0000 0100
2949 0000 0100
2957 0000 0100
2958 0000 0100
2962 0000 0100
2963 0000 0100
2961 0000 0100
2958 0000 0100
2958 0000 0100
2956 0000 0100
2955 0000 0100
2953 0000 0100
2954 0000 0100
2952 0000 0100
2951 0000 0100
2948 0000 0100
2947 0000 0100
2947 0000 0100
2946 0000 0100
2946 0000 0100
2944 0000 0100
2942 0000 0100
2943 0000 0100
2939 0000 0100
2935 0000 0100
2933 0000 0100
2929 0000 0100
2927 0000 0100
2924 0000 0100
2924 0000 0100
2920 0000 0100
2916 0000 0100
2916 0000 0100
2912 0000 0100
2908 0000 0100
2908 0000 0100
2906 0000 0100
2905 0000 0100
2905 0000 0100
2904 0000 0100
2904 0000 0100
2903 0000 0100
2904 0000 0100
2902 0000 0100
2901 0000 0100
2900 0000 0100
2901 0000 0100
2900 0000 0100
2900 0000 0100
2901 0000 0100
2900 0000 0100
2901 0000 0100
2903 0000 0100
2904 0000 0100
2905 0000 0100
2905 0000 0100
2907 0000 0100
2910 0000 0100
2911 0000 0100
2915 0000 0100
2917 0000 0100
2919 0000 0100
2922 0000 0100
2921 0000 0100
2922 0000 0100
2925 0000 0100
2925 0000 0100
2924 0000 0100
2925 0000 0100
2926 0000 0100
2926 0000 0100
2925 0000 0100
2925 0000 0100
2924 0000 0100
2922 0000 0100
2923 0000 0100
2924 0000 0100
2924 0000 0100
2923 0000 0100
2923 0000 0100
2922 0000 0100
2923 0000 0100
2923 0000 0100
2921 0000 0100
2921 0000 0100
2921 0000 0100
2918 0000 0100
2917 0000 0100
2918 0000 0100
2918 0000 0100
2916 0000 0100
2915 0000 0100
2912 0000 0100
2911 0000 0100
2910 0000 0100
2911 0000 0100
2908 0000 0100
2908 0000 0100
2909 0000 0100
2908 0000 0100
2908 0000 0100
2906 0000 0100
2908 0000 0100
2909 0000 0100
2909 0000 0100
2908 0000 0100
2910 0000 0100
2909 0000 0100
2908 0000 0100
2909 0000 0100
2910 0000 0100
2911 0000 0100
2911 0000 0100
2911 0000 0100
2913 0000 0100
2913 0000 0100
2914 0000 0100
2915 0000 0100
2915 0000 0100
2916 0000 0100
2916 0000 0100
2916 0000 0100
2918 0000 0100
2919 0000 0100
2918 0000 0100
2919 0000 0100
2919 0000 0100
2918 0000 0100
2918 0000 0100
2920 0000 0100
2919 0000 0100
2919 0000 0100
2919 0000 0100
2919 0000 0100
2919 0000 0100
2918 0000 0100
2918 0000 0100
2918 0000 0100
2917 0000 0100
2920 0000 0100
2918 0000 0100
2919 0000 0100
2918 0000 0100
2918 0000 0100
2919 0000 0100
2917 0000 0100
2918 0000 0100
2918 0000 0100
2915 0000 0100
2917 0000 0100
2917 0000 0100
2916 0000 0100
2916 0000 0100
2918 0000 0100
2916 0000 0100
2915 0000 0100
2918 0000 0100
2917 0000 0100
2919 0000 0100
2918 0000 0100
2916 0000 0100
2917 0000 0100
2917 0000 0100
2916 0000 0100
2917 0000 0100
2917 0000 0100
2917 0000 0100
2916 0000 0100
2917 0000 0100
2916 0000 0100
2916 0000 0100
2917 0000 0100
2915 0000 0100
2916 0000 0100
2918 0000 0100
2916 0000 0100
2915 0000 0100
2917 0000 0100
2917 0000 0100
2917 0000 0100
2917 0000 0100
2917 0000 0100
2917 0000 0100
2917 0000 0100
2917 0000 0100
2918 0000 0100
2916 0000 0100
2917 0000 0100
2916 0000 0100
2916 0000 0100
2917 0000 0100
2916 0000 0100
2917 0000 0100
2916 0000 0100
2917 0000 0100
2918 0000 0100
2916 0000 0100
2917 0000 0100
2917 0000 0100
2915 0000 0100
2915 0000 0100
2917 0000 0100
2917 0000 0100
2917 0000 0100
2917 0000 0100
2917 0000 0100
2917 0000 0100
2915 0000 0100
2915 0000 0100
2916 0000 0100
2915 0000 0100
2918 0000 0100
2918 0000 0100
2917 0000 0100
2918 0000 0100
2916 0000 0100
2917 0000 0100
2916 0000 0100
2916 0000 0100
2917 0000 0100
2917 0000 0100
2919 0000 0100
2917 0000 0100
2916 0000 0100
2918 0000 0100
2917 0000 0100
2917 0000 0100
2916 0000 0100
2917 0000 0100
2916 0000 0100
2917 0000 0100
2916 0000 0100
2917 0000 0100
2917 0000 0100
2917 0000 0100
2918 0000 0100
2919 0000 0100
2916 0000 0100
2916 0000 0100
2917 0000 0100
2916 0000 0100
2918 0000 0100
2919 0000 0100
2918 0000 0100
2918 0000 0100
2918 0000 0100
2917 0000 0100
2916 0000 0100
2916 0000 0100
2916 0000 0100
2917 0000 0100
2918 0000 0100
2918 0000 0100
2918 0000 0100
2917 0000 0100
2917 0000 0100
2916 0000 0100
2918 0000 0100
2918 0000 0100
2918 0000 0100
2918 0000 0100
2916 0000 0100
2917 0000 0100
2916 0000 0110
2916 0000 0100
2917 0000 0100
2916 0000 0100
2917 0000 0100
2918 0000 0100
2917 0000 0100
2916 0000 0100
2918 0000 0100
2917 0000 0100
2917 0000 0100
2921 0000 0100
2925 0000 0100
2927 0000 0100
2934 0000 0100
2942 0000 0100
2945 0000 0100
2955 0000 0100
2968 0000 0100
2975 0000 0100
2989 0000 0100
2998 0000 0100
3006 0000 0100
3017 0000 0100
3025 0000 0100
3034 0000 0100
3044 0000 0100
3055 0000 0100
3064 0000 0100
3073 0000 0100
3083 0000 0100
3094 0000 0100
3102 0000 0100
3113 0000 0100
3124 0000 0100
3135 0000 0100
3142 0000 0100
3153 0000 0100
3163 0000 0100
3171 0000 0100
3183 0000 0100
3193 0000 0100
3203 0000 0100
3214 0000 0100
3222 0000 0100
3231 0000 0100
3239 0000 0100
3242 0000 0100
3245 0000 0100
3245 0000 0100
3247 0000 0100
3246 0000 0100
3245 0000 0100
3246 0000 0100
3243 0000 0100
3243 0000 0100
3242 0000 0100
3243 0000 0100
3243 0000 0100
3239 0000 0100
3240 0000 0100
3239 0000 0100
3238 0000 0100
3237 0000 0100
3236 0000 0100
3233 0000 0100
3231 0000 0100
3229 0000 0100
3227 0000 0100
3224 0000 0100
3221 0000 0100
3218 0000 0100
3216 0000 0100
3213 0000 0100
3212 0000 0100
3208 0000 0100
3208 0000 0100
3205 0000 0100
3204 0000 0100
3201 0000 0100
3199 0000 0100
3199 0000 0100
3196 0000 0100
3195 0000 0100
3195 0000 0100
3196 0000 0100
3195 0000 0100
3194 0000 0100
3196 0000 0100
3195 0000 0100
3194 0000 0100
3195 0000 0100
3195 0000 0100
3194 0000 0100
3192 0000 0100
3193 0000 0100
3194 0000 0100
3195 0000 0100
3197 0000 0100
3195 0000 0100
3196 0000 0100
3197 0000 0100
3198 0000 0100
3199 0000 0100
3202 0000 0100
3204 0000 0100
3207 0000 0100
3206 0000 0100
3207 0000 0100
3209 0000 0100
3211 0000 0100
3212 0000 0100
3214 0000 0100
3214 0000 0100
3212 0000 0100
3214 0000 0100
3211 0000 0100
3212 0000 0100
3215 0000 0100
3212 0000 0100
3211 0000 0100
3212 0000 0100
3211 0000 0100
3211 0000 0100
3212 0000 0100
3211 0000 0100
3211 0000 0100
3209 0000 0100
3209 0000 0100
3208 0000 0100
3210 0000 0100
3209 0000 0100
3208 0000 0100
3207 0000 0100
3205 0000 0100
3205 0000 0100
3204 0000 0100
3204 0000 0100
3202 0000 0100
3203 0000 0100
3204 0000 0100
3201 0000 0100
3200 0000 0100
3198 0000 0100
3198 0000 0100
3199 0000 0100
3200 0000 0100
3199 0000 0100
3199 0000 0100
3198 0000 0100
3198 0000 0100
3200 0000 0100
3199 0000 0100
3199 0000 0100
3200 0000 0100
3201 0000 0100
3200 0000 0100
3201 0000 0100
3202 0000 0100
3202 0000 0100
3203 0000 0100
3201 0000 0100
3204 0000 0100
3205 0000 0100
3204 0000 0100
3204 0000 0100
3205 0000 0100
3206 0000 0100
3205 0000 0100
3206 0000 0100
3206 0000 0100
3207 0000 0100
3209 0000 0100
3207 0000 0100
3208 0000 0100
3207 0000 0100
3208 0000 0100
3208 0000 0100
3208 0000 0100
3208 0000 0100
3206 0000 0100
3208 0000 0100
3208 0000 0100
3205 0000 0100
3206 0000 0100
3208 0000 0100
3208 0000 0100
3207 0000 0100
3207 0000 0100
3206 0000 0100
3207 0000 0100
3207 0000 0100
3205 0000 0100
3206 0000 0100
3208 0000 0100
3207 0000 0100
3205 0000 0100
3205 0000 0100
3206 0000 0100
3205 0000 0100
3204 0000 0100
3205 0000 0100
3205 0000 0100
3204 0000 0100
3204 0000 0100
3204 0000 0100
3204 0000 0100
3204 0000 0100
3204 0000 0100
3204 0000 0100
3204 0000 0100
3204 0000 0100
3204 0000 0100
3205 0000 0100
3204 0000 0100
3205 0000 0100
3204 0000 0100
3204 0000 0100
3204 0000 0100
3204 0000 0100
3204 0000 0100
3205 0000 0100
3204 0000 0100
3204 0000 0100
3205 0000 0100
3204 0000 0100
3204 0000 0100
3204 0000 0100
3205 0000 0100
3205 0000 0100
3206 0000 0100
3204 0000 0100
3204 0000 0100
3204 0000 0100
3205 0000 0100
3204 0000 0100
3206 0000 0100
3204 0000 0100
3204 0000 0100
3204 0000 0100
3203 0000 0100
3205 0000 0100
3204 0000 0100
3204 0000 0100
3206 0000 0100
3204 0000 0100
3204 0000 0100
3204 0000 0100
3204 0000 0100
3204 0000 0100
3204 0000 0100
3206 0000 0100
3204 0000 0100
3207 0000 0100
3205 0000 0100
3205 0000 0100
3206 0000 0100
3204 0000 0100
3204 0000 0100
3204 0000 0100
3204 0000 0100
3204 0000 0100
3205 0000 0100
3204 0000 0100
3205 0000 0100
3205 0000 0100
3206 0000 0100
3205 0000 0100
3204 0000 0100
3203 0000 0100
3204 0000 0100
3204 0000 0100
3205 0000 0100
3205 0000 0100
3205 0000 0100
3205 0000 0100
3204 0000 0100
3204 0000 0100
3205 0000 0100
3204 0000 0100
3204 0000 0100
3206 0000 0100
3204 0000 0100
3204 0000 0100
3204 0000 0100
3204 0000 0100
3205 0000 0100
3206 0000 0100
3205 0000 0100
3206 0000 0100
3204 0000 0100
3204 0000 0100
3205 0000 0110
3206 0000 0100
3205 0000 0100
3205 0000 0100
3205 0000 0100
3205 0000 0100
3205 0000 0100
3205 0000 0100
3204 0000 0100
3206 0000 0100
3209 0000 0100
3214 0000 0100
3215 0000 0100
3225 0000 0100
3230 0000 0100
3238 0000 0100
3243 0000 0100
3253 0000 0100
3261 0000 0100
3267 0000 0100
3277 0000 0100
3287 0000 0100
3297 0000 0100
3302 0000 0100
3314 0000 0100
3320 0000 0100
3328 0000 0100
3336 0000 0100
3343 0000 0100
3352 0000 0100
3361 0000 0100
3368 0000 0100
3375 0000 0100
3383 0000 0100
3393 0000 0100
3399 0000 0100
3409 0000 0100
3415 0000 0100
3424 0000 0100
3435 0000 0100
3440 0000 0100
3449 0000 0100
3457 0000 0100
3464 0000 0100
3470 0000 0100
3473 0000 0100
3479 0000 0100
3482 0000 0100
3482 0000 0100
3484 0000 0100
3484 0000 0100
3484 0000 0100
3482 0000 0100
3483 0000 0100
3480 0000 0100
3482 0000 0100
3481 0000 0100
3479 0000 0100
3479 0000 0100
3480 0000 0100
3478 0000 0100
3475 0000 0100
3475 0000 0100
3473 0000 0100
3473 0000 0100
3472 0000 0100
3470 0000 0100
3468 0000 0100
3466 0000 0100
3464 0000 0100
3463 0000 0100
3460 0000 0100
3457 0000 0100
3457 0000 0100
3456 0000 0100
3453 0000 0100
3452 0000 0100
3452 0000 0100
3450 0000 0100
3449 0000 0100
3446 0000 0100
3446 0000 0100
3442 0000 0100
3442 0000 0100
3441 0000 0100
3442 0000 0100
3441 0000 0100
3442 0000 0100
3440 0000 0100
3440 0000 0100
3439 0000 0100
3438 0000 0100
3439 0000 0100
3440 0000 0100
3441 0000 0100
3440 0000 0100
3439 0000 0100
3440 0000 0100
3440 0000 0100
3440 0000 0100
3441 0000 0100
3445 0000 0100
3443 0000 0100
3447 0000 0100
3447 0000 0100
3448 0000 0100
3450 0000 0100
3452 0000 0100
3453 0000 0100
3453 0000 0100
3455 0000 0100
3454 0000 0100
3453 0000 0100
3454 0000 0100
3456 0000 0100
3457 0000 0100
3454 0000 0100
3457 0000 0100
3455 0000 0100
3456 0000 0100
3455 0000 0100
3455 0000 0100
3454 0000 0100
3456 0000 0100
3454 0000 0100
3452 0000 0100
3453 0000 0100
3453 0000 0100
3453 0000 0100
3452 0000 0100
3451 0000 0100
3454 0000 0100
3452 0000 0100
3453 0000 0100
3452 0000 0100
3451 0000 0100
3451 0000 0100
3451 0000 0100
3448 0000 0100
3449 0000 0100
3448 0000 0100
3449 0000 0100
3447 0000 0100
3449 0000 0100
3447 0000 0100
3447 0000 0100
3447 0000 0100
3447 0000 0100
3447 0000 0100
3448 0000 0100
3447 0000 0100
3448 0000 0100
3449 0000 0100
3449 0000 0100
3446 0000 0100
3449 0000 0100
3450 0000 0100
3448 0000 0100
3448 0000 0100
3448 0000 0100
3450 0000 0100
3450 0000 0100
3449 0000 0100
3450 0000 0100
3450 0000 0100
3450 0000 0100
3450 0000 0100
3450 0000 0100
3451 0000 0100
3451 0000 0100
3451 0000 0100
3453 0000 0100
3452 0000 0100
3452 0000 0100
3453 0000 0100
3452 0000 0100
3454 0000 0100
3453 0000 0100
3450 0000 0100
3452 0000 0100
3451 0000 0100
3451 0000 0100
3453 0000 0100
3453 0000 0100
3452 0000 0100
3452 0000 0100
3453 0000 0100
3452 0000 0100
3451 0000 0100
3452 0000 0100
3452 0000 0100
3451 0000 0100
3450 0000 0100
3451 0000 0100
3451 0000 0100
3452 0000 0100
3452 0000 0100
3452 0000 0100
3452 0000 0100
3451 0000 0100
3450 0000 0100
3451 0000 0100
3450 0000 0100
3451 0000 0100
3451 0000 0100
3450 0000 0100
3453 0000 0100
3451 0000 0100
3450 0000 0100
3450 0000 0100
3450 0000 0100
3451 0000 0100
3449 0000 0100
3450 0000 0100
3452 0000 0100
3451 0000 0100
3451 0000 0100
3451 0000 0100
3450 0000 0100
3451 0000 0100
3450 0000 0100
3451 0000 0100
3451 0000 0100
3451 0000 0100
3451 0000 0100
3451 0000 0100
3450 0000 0100
3449 0000 0100
3451 0000 0100
3451 0000 0100
3451 0000 0100
3452 0000 0100
3451 0000 0100
3450 0000 0100
3451 0000 0100
3451 0000 0100
3451 0000 0100
3449 0000 0100
3452 0000 0100
3453 0000 0100
3451 0000 0100
3449 0000 0100
3450 0000 0100
3450 0000 0100
3450 0000 0100
3451 0000 0100
3451 0000 0100
3451 0000 0100
3450 0000 0100
3451 0000 0100
3450 0000 0100
3453 0000 0100
3451 0000 0100
3449 0000 0100
3452 0000 0100
3450 0000 0100
3450 0000 0100
3452 0000 0100
3452 0000 0100
3452 0000 0100
3451 0000 0100
3451 0000 0100
3452 0000 0100
3450 0000 0100
3450 0000 0100
3453 0000 0100
3450 0000 0100
3450 0000 0100
3450 0000 0100
3450 0000 0100
3451 0000 0100
3452 0000 0100
3451 0000 0100
3450 0000 0100
3453 0000 0100
3450 0000 0100
3451 0000 0100
3452 0000 0100
3450 0000 0100
3450 0000 0100
3450 0000 0100
3451 0000 0100
3449 0000 0100
3450 0000 0100
3450 0000 0100
3451 0000 0100
3452 0000 0100
3452 0000 0100
3451 0000 0100
3450 0000 0100
3452 0000 0100
3451 0000 0100
3452 0000 0100
3451 0000 0100
3452 0000 0100
3451 0000 0100
3451 0000 0100
3451 0000 0100
3451 0000 0100
3453 0000 0100
3450 0000 0100
3450 0000 0100
3451 0000 0100
3452 0000 0100
3451 0000 0100
3451 0000 0100
3451 0000 0100
3451 0000 0100
3450 0000 0100
3450 0000 0100
3452 0000 0100
3452 0000 0100
3450 0000 0100
3450 0000 0100
3450 0000 0100
3452 0000 0100
3450 0000 0100
3451 0000 0100
3450 0000 0100
3451 0000 0100
3451 0000 0100
3449 0000 0100
3450 0000 0100
3452 0000 0100
3451 0000 0100
3452 0000 0100
3450 0000 0100
3450 0000 0100
3451 0000 0100
3450 0000 0100
3450 0000 0100
3451 0000 0100
3453 0000 0100
3450 0000 0100
3452 0000 0100
3450 0000 0100
3450 0000 0100
3451 0000 0100
3450 0000 0100
3451 0000 0100
3452 0000 0100
3451 0000 0100
3452 0000 0100
3450 0000 0100
3451 0000 0100
3450 0000 0100
3450 0000 0100
3451 0000 0100
3453 0000 0100
3451 0000 0100
3451 0000 0100
3452 0000 0100
3452 0000 0100
3450 0000 0100
3451 0000 0100
3452 0000 0100
3452 0000 0100
3450 0000 0100
3451 0000 0100
3450 0000 0100
3451 0000 0100
3450 0000 0100
3450 0000 0100
3452 0000 0100
3450 0000 0100
3450 0000 0100
3452 0000 0100
3452 0000 0100
3451 0000 0100
3453 0000 0100
3452 0000 0100
3450 0000 0110
3451 0000 0100
3450 0000 0100
3450 0000 0100
3451 0000 0100
3452 0000 0100
3451 0000 0100
3451 0000 0100
3451 0000 0100
3450 0000 0100
3453 0000 0100
3454 0000 0100
3457 0000 0100
3463 0000 0100
3469 0000 0100
3472 0000 0100
3478 0000 0100
3484 0000 0100
3493 0000 0100
3498 0000 0100
3502 0000 0100
3513 0000 0100
3522 0000 0100
3527 0000 0100
3533 0000 0100
3540 0000 0100
3547 0000 0100
3553 0000 0100
3556 0000 0100
3566 0000 0100
3573 0000 0100
3582 0000 0100
3587 0000 0100
3593 0000 0100
3600 0000 0100
3605 0000 0100
3612 0000 0100
3619 0000 0100
3627 0000 0100
3634 0000 0100
3639 0000 0100
3648 0000 0100
3655 0000 0100
3660 0000 0100
3664 0000 0100
3670 0000 0100
3672 0000 0100
3677 0000 0100
3676 0000 0100
3677 0000 0100
3678 0000 0100
3677 0000 0100
3675 0000 0100
3675 0000 0100
3676 0000 0100
3675 0000 0100
3676 0000 0100
3673 0000 0100
3674 0000 0100
3671 0000 0100
3674 0000 0100
3672 0000 0100
3670 0000 0100
3672 0000 0100
3670 0000 0100
3668 0000 0100
3664 0000 0100
3665 0000 0100
3661 0000 0100
3659 0000 0100
3660 0000 0100
3658 0000 0100
3657 0000 0100
3658 0000 0100
3655 0000 0100
3652 0000 0100
3651 0000 0100
3650 0000 0100
3648 0000 0100
3647 0000 0100
3648 0000 0100
3648 0000 0100
3646 0000 0100
3644 0000 0100
3645 0000 0100
3643 0000 0100
3641 0000 0100
3642 0000 0100
3643 0000 0100
3641 0000 0100
3640 0000 0100
3640 0000 0100
3641 0000 0100
3642 0000 0100
3641 0000 0100
3640 0000 0100
3643 0000 0100
3641 0000 0100
3641 0000 0100
3642 0000 0100
3642 0000 0100
3643 0000 0100
3645 0000 0100
3645 0000 0100
3647 0000 0100
3648 0000 0100
3650 0000 0100
3651 0000 0100
3651 0000 0100
3652 0000 0100
3652 0000 0100
3653 0000 0100
3654 0000 0100
3653 0000 0100
3655 0000 0100
3655 0000 0100
3654 0000 0100
3656 0000 0100
3654 0000 0100
3654 0000 0100
3656 0000 0100
3656 0000 0100
3654 0000 0100
3652 0000 0100
3652 0000 0100
3652 0000 0100
3653 0000 0100
3652 0000 0100
3652 0000 0100
3653 0000 0100
3653 0000 0100
3652 0000 0100
3651 0000 0100
3652 0000 0100
3650 0000 0100
3651 0000 0100
3650 0000 0100
3650 0000 0100
3651 0000 0100
3650 0000 0100
3650 0000 0100
3647 0000 0100
3649 0000 0100
3650 0000 0100
3648 0000 0100
3649 0000 0100
3649 0000 0100
3648 0000 0100
3648 0000 0100
3649 0000 0100
3648 0000 0100
3647 0000 0100
3648 0000 0100
3648 0000 0100
3649 0000 0100
3647 0000 0100
3649 0000 0100
3648 0000 0100
3649 0000 0100
3649 0000 0100
3650 0000 0100
3650 0000 0100
3650 0000 0100
3651 0000 0100
3651 0000 0100
3650 0000 0100
3651 0000 0100
3650 0000 0100
3651 0000 0100
3651 0000 0100
3650 0000 0100
3651 0000 0100
3650 0000 0100
3652 0000 0100
3651 0000 0100
3652 0000 0100
3651 0000 0100
3652 0000 0100
3650 0000 0100
3654 0000 0100
3651 0000 0100
3652 0000 0100
3652 0000 0100
3650 0000 0100
3652 0000 0100
3652 0000 0100
3652 0000 0100
3651 0000 0100
3652 0000 0100
3651 0000 0100
3653 0000 0100
3649 0000 0100
3651 0000 0100
3651 0000 0100
3651 0000 0100
3651 0000 0100
3651 0000 0100
3651 0000 0100
3649 0000 0100
3649 0000 0100
3652 0000 0100
3652 0000 0100
3652 0000 0100
3649 0000 0100
3650 0000 0100
3650 0000 0100
3649 0000 0100
3650 0000 0100
3650 0000 0100
3650 0000 0100
3650 0000 0100
3650 0000 0100
3649 0000 0100
3651 0000 0100
3651 0000 0100
3651 0000 0100
3650 0000 0100
3650 0000 0100
3652 0000 0100
3650 0000 0100
3649 0000 0100
3650 0000 0100
3649 0000 0100
3649 0000 0100
3649 0000 0100
3649 0000 0100
3651 0000 0100
3651 0000 0100
3650 0000 0100
3651 0000 0100
3649 0000 0100
3650 0000 0100
3650 0000 0100
3649 0000 0100
3648 0000 0100
3649 0000 0100
3650 0000 0100
3650 0000 0100
3652 0000 0100
3650 0000 0100
3652 0000 0100
3650 0000 0100
3650 0000 0100
3649 0000 0100
3650 0000 0100
3650 0000 0100
3649 0000 0100
3650 0000 0100
3650 0000 0100
3651 0000 0100
3649 0000 0100
3651 0000 0100
3652 0000 0100
3650 0000 0100
3651 0000 0100
3649 0000 0100
3652 0000 0100
3650 0000 0100
3649 0000 0100
3652 0000 0100
3650 0000 0100
3651 0000 0100
3651 0000 0100
3650 0000 0100
3652 0000 0100
3650 0000 0100
3650 0000 0100
3649 0000 0100
3650 0000 0100
3648 0000 0100
3650 0000 0100
3651 0000 0100
3652 0000 0100
3651 0000 0100
3649 0000 0100
3651 0000 0100
3651 0000 0100
3651 0000 0100
3650 0000 0100
3650 0000 0100
3649 0000 0100
3651 0000 0100
3650 0000 0100
3650 0000 0100
3651 0000 0100
3652 0000 0100
3651 0000 0100
3650 0000 0100
3651 0000 0100
3651 0000 0100
3651 0000 0100
3648 0000 0100
3651 0000 0100
3651 0000 0100
3650 0000 0100
3651 0000 0100
3651 0000 0100
3650 0000 0100
3651 0000 0100
3651 0000 0100
3651 0000 0100
3651 0000 0100
3651 0000 0100
3650 0000 0100
3649 0000 0100
3650 0000 0100
3651 0000 0100
3650 0000 0100
3649 0000 0100
3650 0000 0100
3651 0000 0100
3650 0000 0100
3649 0000 0100
3651 0000 0100
3651 0000 0100
3650 0000 0100
3650 0000 0100
3650 0000 0100
3651 0000 0100
3652 0000 0100
3651 0000 0100
3651 0000 0100
3650 0000 0100
3651 0000 0100
3651 0000 0100
3651 0000 0100
3649 0000 0100
3651 0000 0100
3649 0000 0100
3652 0000 0100
3650 0000 0100
3652 0000 0100
3651 0000 0100
3650 0000 0100
3650 0000 0100
3650 0000 0100
3650 0000 0100
3650 0000 0100
3650 0000 0100
3651 0000 0100
3650 0000 0100
3649 0000 0100
3650 0000 0100
3651 0000 0100
3651 0000 0100
3651 0000 0100
3650 0000 0100
3650 0000 0100
3650 0000 0100
3650 0000 0100
3651 0000 0100
3652 0000 0100
3650 0000 0100
3650 0000 0100
3652 0000 0100
3650 0000 0100
3648 0000 0100
3651 0000 0100
3652 0000 0100
3649 0000 0100
3649 0000 0100
3651 0000 0100
3651 0000 0100
3649 0000 0100
3649 0000 0100
3650 0000 0100
3650 0000 0100
3651 0000 0100
3651 0000 0100
3651 0000 0100
3651 0000 0100
3650 0000 0100
3649 0000 0100
3650 0000 0100
3651 0000 0100
3650 0000 0100
3649 0000 0100
3649 0000 0100
3648 0000 0100
3650 0000 0100
3651 0000 0100
3651 0000 0100
3652 0000 0100
3650 0000 0100
3651 0000 0100
3651 0000 0100
3650 0000 0100
3650 0000 0100
3649 0000 0100
3651 0000 0100
3651 0000 0100
3649 0000 0100
3650 0000 0100
3651 0000 0100
3650 0000 0100
3649 0000 0100
3653 0000 0100
3652 0000 0100
3650 0000 0100
3651 0000 0100
3650 0000 0100
3650 0000 0100
3651 0000 0100
3650 0000 0100
3650 0000 0100
3650 0000 0100
3650 0000 0100
3648 0000 0100
3649 0000 0100
3652 0000 0100
3651 0000 0100
3651 0000 0100
3650 0000 0100
3649 0000 0100
3652 0000 0100
3650 0000 0100
3652 0000 0100
3651 0000 0100
3650 0000 0100
3649 0000 0100
3652 0000 0100
3650 0000 0100
3649 0000 0100
3650 0000 0100
3649 0000 0100
3650 0000 0100
3650 0000 0100
3650 0000 0100
3648 0000 0100
3651 0000 0100
3652 0000 0100
3649 0000 0100
3650 0000 0100
3651 0000 0100
3652 0000 0100
3650 0000 0100
3650 0000 0100
3650 0000 0100
3648 0000 0100
3650 0000 0100
3652 0000 0100
3650 0000 0100
3651 0000 0100
3651 0000 0100
3650 0000 0100
3650 0000 0100
3650 0000 0100
3650 0000 0100
3652 0000 0100
3650 0000 0100
3651 0000 0100
3651 0000 0100
3650 0000 0100
3650 0000 0100
3651 0000 0100
3650 0000 0100
3649 0000 0100
3652 0000 0100
3650 0000 0100
3650 0000 0100
3650 0000 0100
3650 0000 0100
3651 0000 0100
3650 0000 0100
3650 0000 0100
3651 0000 0100
3650 0000 0100
3650 0000 0100
3649 0000 0100
3650 0000 0100
3651 0000 0100
3651 0000 0100
3651 0000 0100
3650 0000 0100
3650 0000 0100
3650 0000 0100
3650 0000 0100
3650 0000 0100
3651 0000 0100
3650 0000 0100
3650 0000 0100
3650 0000 0100
3649 0000 0100
3650 0000 0100
3649 0000 0100
3652 0000 0100
3650 0000 0100
3650 0000 0100
3651 0000 0100
3651 0000 0100
3652 0000 0100
3651 0000 0100
3651 0000 0100
3649 0000 0100
3649 0000 0100
3650 0000 0100
3650 0000 0100
3650 0000 0100
3651 0000 0100
3650 0000 0100
3651 0000 0100
3650 0000 0100
3649 0000 0100
3649 0000 0100
3650 0000 0100
3651 0000 0100
3649 0000 0100
3650 0000 0100
3650 0000 0100
3651 0000 0100
3651 0000 0100
3651 0000 0100
3650 0000 0100
3651 0000 0100
3651 0000 0100
3650 0000 0100
3650 0000 0100
3651 0000 0100
3649 0000 0100
3651 0000 0100
3651 0000 0100
3649 0000 0100
3648 0000 0100
3649 0000 0100
3651 0000 0100
3650 0000 0100
3651 0000 0100
3652 0000 0100
3652 0000 0100
3652 0000 0100
3650 0000 0100
3649 0000 0100
3652 0000 0100
3651 0000 0100
3650 0000 0100
3652 0000 0100
3650 0000 0100
3650 0000 0100
3650 0000 0100
3650 0000 0100
3650 0000 0100
3651 0000 0100
3650 0000 0100
3651 0000 0100
3650 0000 0100
3651 0000 0100
3650 0000 0100
3649 0000 0100
3651 0000 0100
3651 0000 0100
3650 0000 0100
3651 0000 0100
3651 0000 0100
3650 0000 0100
3649 0000 0100
3651 0000 0100
3650 0000 0100
3648 0000 0100
3649 0000 0100
3650 0000 0100
3649 0000 0100
3649 0000 0100
3650 0000 0100
3650 0000 0100
3650 0000 0100
3650 0000 0100
3650 0000 0100
3651 0000 0100
3652 0000 0100
3648 0000 0100
3648 0000 0100
3651 0000 0100
3651 0000 0100
3649 0000 0100
3651 0000 0100
3650 0000 0100
3650 0000 0100
3651 0000 0100
3650 0000 0100
3651 0000 0100
3648 0000 0100
3651 0000 0100
3650 0000 0100
3649 0000 0100
3651 0000 0100
3651 0000 0100
3649 0000 0100
3651 0000 0100
3652 0000 0100
3651 0000 0100
3649 0000 0100
3648 0000 0100
3650 0000 0100
3650 0000 0100
3650 0000 0100
3651 0000 0100
3652 0000 0100
3650 0000 0100
3650 0000 0100
3652 0000 0100
3649 0000 0100
3651 0000 0100
3651 0000 0100
3649 0000 0100
3650 0000 0100
3650 0000 0100
3650 0000 0100
3650 0000 0100
3650 0000 0100
3651 0000 0100
3652 0000 0100
3650 0000 0100
3648 0000 0100
3649 0000 0100
3650 0000 0100
3650 0000 0100
3650 0000 0100
3651 0000 0100
3650 0000 0100
3650 0000 0100
3650 0000 0100
3650 0000 0100
3650 0000 0100
3651 0000 0100
3650 0000 0100
3652 0000 0100
3650 0000 0100
3651 0000 0100
3650 0000 0100
3650 0000 0100
3649 0000 0100
3650 0000 0100
3651 0000 0100
3650 0000 0100
3651 0000 0100
3651 0000 0100
3650 0000 0100
3650 0000 0100
3651 0000 0100
3652 0000 0100
3650 0000 0100
3651 0000 0100
3650 0000 0100
3650 0000 0100
3649 0000 0100
3650 0000 0100
3652 0000 0100
3650 0000 0100
3651 0000 0100
3649 0000 0100
3650 0000 0100
3650 0000 0100
3650 0000 0100
3650 0000 0100
3651 0000 0100
3650 0000 0100
3652 0000 0100
3649 0000 0100
3650 0000 0100
3651 0000 0100
3651 0000 0100
3651 0000 0100
3650 0000 0100
3651 0000 0100
3652 0000 0100
3651 0000 0100
3650 0000 0100
3650 0000 0100
3651 0000 0100
3649 0000 0100
3650 0000 0100
3652 0000 0100
3650 0000 0100
3651 0000 0100
3650 0000 0100
3650 0000 0100
3651 0000 0100
3650 0000 0100
3650 0000 0100
3649 0000 0100
3652 0000 0100
3650 0000 0100
3651 0000 0100
3650 0000 0100
3652 0000 0100
3649 0000 0100
3649 0000 0100
3651 0000 0100
3651 0000 0100
3651 0000 0100
3651 0000 0100
3652 0000 0100
3651 0000 0100
3652 0000 0100
3649 0000 0100
3650 0000 0100
3649 0000 0100
3651 0000 0100
3650 0000 0100
3651 0000 0100
3650 0000 0100
3650 0000 0100
3651 0000 0100
3652 0000 0100
3650 0000 0100
3650 0000 0100
3649 0000 0100
3650 0000 0100
3650 0000 0100
3649 0000 0100
3652 0000 0100
3652 0000 0100
3651 0000 0100
3650 0000 0100
3649 0000 0100
3650 0000 0100
3652 0000 0100
3650 0000 0100
3649 0000 0100
3650 0000 0100
3651 0000 0100
3650 0000 0100
3650 0000 0100
3651 0000 0100
3649 0000 0100
3648 0000 0100
3651 0000 0100
3650 0000 0100
3650 0000 0100
3649 0000 0100
3651 0000 0100
3650 0000 0100
3650 0000 0100
3650 0000 0100
3651 0000 0100
3650 0000 0100
3650 0000 0100
3649 0000 0100
3652 0000 0100
3652 0000 0100
3651 0000 0100
3651 0000 0100
3651 0000 0100
3649 0000 0100
3649 0000 0100
3649 0000 0100
3651 0000 0100
3650 0000 0100
3650 0000 0100
3650 0000 0100
3652 0000 0100
3652 0000 0100
3649 0000 0100
3650 0000 0100
3650 0000 0100
3649 0000 0100
3649 0000 0100
3650 0000 0100
3650 0000 0100
3651 0000 0100
3650 0000 0100
3650 0000 0100
3649 0000 0100
3650 0000 0100
3649 0000 0100
3650 0000 0100
3651 0000 0100
3651 0000 0100
3649 0000 0100
3653 0000 0100
3652 0000 0100
3650 0000 0100
3650 0000 0100
3651 0000 0100
3650 0000 0100
3650 0000 0100
3650 0000 0100
3650 0000 0100
3651 0000 0100
3648 0000 0100
3648 0000 0100
3651 0000 0100
3651 0000 0100
3650 0000 0100
3650 0000 0100
3651 0000 0100
3650 0000 0100
3650 0000 0100
3649 0000 0100
3649 0000 0100
3651 0000 0100
3651 0000 0100
3651 0000 0100
3652 0000 0100
3651 0000 0100
3650 0000 0100
3650 0000 0100
3650 0000 0100
3650 0000 0100
3651 0000 0100
3651 0000 0100
3652 0000 0100
3650 0000 0100
3650 0000 0100
3649 0000 0100
3650 0000 0100
3651 0000 0100
3651 0000 0100
3649 0000 0100
3648 0000 0100
3650 0000 0100
3650 0000 0100
3650 0000 0100
3651 0000 0100
3651 0000 0100
3651 0000 0100
3651 0000 0100
3649 0000 0100
3651 0000 0100
3650 0000 0100
3649 0000 0100
3651 0000 0100
3650 0000 0100
3650 0000 0100
3650 0000 0100
3651 0000 0100
3651 0000 0100
3649 0000 0100
3651 0000 0100
3650 0000 0100
3651 0000 0100
3649 0000 0100
3650 0000 0100
3649 0000 0100
3650 0000 0100
3650 0000 0100
3650 0000 0100
3651 0000 0100
3651 0000 0100
3650 0000 0100
3650 0000 0100
3651 0000 0100
3652 0000 0100
3650 0000 0100
3652 0000 0100
3651 0000 0100
3651 0000 0100
3651 0000 0100
3650 0000 0100
3650 0000 0100
3651 0000 0100
3651 0000 0100
3651 0000 0100
3650 0000 0100
3648 0000 0100
3651 0000 0100
3651 0000 0100
3651 0000 0100
3651 0000 0100
3651 0000 0100
3651 0000 0100
3650 0000 0100
3650 0000 0100
3649 0000 0100
3651 0000 0100
3651 0000 0100
3651 0000 0100
3652 0000 0100
3650 0000 0100
3650 0000 0100
3650 0000 0100
3650 0000 0100
3650 0000 0100
3650 0000 0100
3652 0000 0100
3651 0000 0100
3651 0000 0100
3649 0000 0100
3651 0000 0100
3650 0000 0100
3650 0000 0100
3650 0000 0100
3650 0000 0100
3650 0000 0100
3650 0000 0100
3650 0000 0100
3649 0000 0100
3650 0000 0100
3649 0000 0100
3651 0000 0100
3651 0000 0100
3650 0000 0100
3649 0000 0100
3650 0000 0100
3651 0000 0100
3651 0000 0100
3648 0000 0100
3650 0000 0100
3650 0000 0100
3652 0000 0100
3650 0000 0100
3651 0000 0100
3650 0000 0100
3650 0000 0100
3649 0000 0100
3649 0000 0100
3652 0000 0100
3649 0000 0100
3650 0000 0100
3649 0000 0100
3650 0000 0100
3651 0000 0100
3650 0000 0100
3651 0000 0100
3651 0000 0100
3651 0000 0100
3650 0000 0100
3649 0000 0100
3650 0000 0100
3648 0000 0100
3649 0000 0100
3649 0000 0100
3652 0000 0100
3652 0000 0100
3652 0000 0100
3650 0000 0100
3651 0000 0100
3652 0000 0100
3651 0000 0100
3650 0000 0100
3650 0000 0100
3650 0000 0100
3650 0000 0100
3650 0000 0100
3650 0000 0100
3649 0000 0100
3651 0000 0100
3651 0000 0100
3650 0000 0100
3650 0000 0100
3650 0000 0100
3649 0000 0100
3651 0000 0100
3652 0000 0100
3652 0000 0100
3650 0000 0100
3650 0000 0100
3651 0000 0100
3649 0000 0100
3650 0000 0100
3651 0000 0100
3651 0000 0100
3650 0000 0100
3650 0000 0100
3650 0000 0100
3649 0000 0100
3650 0000 0100
3651 0000 0100
3649 0000 0100
3651 0000 0100
3649 0000 0100
3650 0000 0100
3651 0000 0100
3652 0000 0100
3650 0000 0100
3652 0000 0100
3650 0000 0100
3649 0000 0100
3651 0000 0100
3650 0000 0100
3650 0000 0100
3649 0000 0100
3651 0000 0100
3651 0000 0100
3650 0000 0100
3651 0000 0100
3651 0000 0100
3650 0000 0100
3652 0000 0100
3653 0000 0100
3650 0000 0100
3651 0000 0100
3650 0000 0100
3651 0000 0100
3650 0000 0100
3650 0000 0100
3650 0000 0100
3650 0000 0100
3651 0000 0100
3651 0000 0100
3650 0000 0100
3651 0000 0100
3650 0000 0100
3651 0000 0100
3650 0000 0100
3651 0000 0100
3651 0000 0100
3649 0000 0100
3651 0000 0100
3650 0000 0100
3650 0000 0100
3651 0000 0100
3652 0000 0100
3649 0000 0100
3653 0000 0100
3651 0000 0100
3649 0000 0100
3650 0000 0100
3649 0000 0100
3650 0000 0100
3650 0000 0100
3652 0000 0100
3649 0000 0100
3649 0000 0100
3651 0000 0100
3649 0000 0100
3649 0000 0100
3650 0000 0100
3652 0000 0100
3650 0000 0100
3649 0000 0100
3650 0000 0100
3650 0000 0100
3650 0000 0100
3649 0000 0100
3649 0000 0100
3650 0000 0100
3652 0000 0100
3651 0000 0100
3650 0000 0100
3649 0000 0100
3650 0000 0100
3650 0000 0100
3650 0000 0100
3652 0000 0100
3650 0000 0100
3652 0000 0100
3651 0000 0100
3649 0000 0100
3652 0000 0100
3649 0000 0100
3648 0000 0100
3650 0000 0100
3652 0000 0100
3651 0000 0100
3651 0000 0100
3650 0000 0100
3651 0000 0100
3649 0000 0100
3651 0000 0100
3650 0000 0100
3649 0000 0100
3651 0000 0100
3651 0000 0100
3651 0000 0100
3651 0000 0100
3652 0000 0100
3652 0000 0100
3651 0000 0100
3650 0000 0100
3651 0000 0100
3653 0000 0100
3650 0000 0100
3650 0000 0100
3648 0000 0100
3651 0000 0100
3651 0000 0100
3651 0000 0100
3652 0000 0100
3651 0000 0100
3651 0000 0100
3650 0000 0100
3650 0000 0100
3649 0000 0100
3650 0000 0100
3650 0000 0100
3652 0000 0100
3649 0000 0100
3650 0000 0100
3652 0000 0100
3651 0000 0100
3650 0000 0100
3649 0000 0100
3650 0000 0100
3650 0000 0100
3649 0000 0100
3649 0000 0100
3651 0000 0100
3650 0000 0100
3651 0000 0100
3650 0000 0100
3650 0000 0100
3651 0000 0100
3651 0000 0100
3651 0000 0100
3651 0000 0100
3649 0000 0100
3650 0000 0100
3648 0000 0100
3652 0000 0100
3652 0000 0100
3649 0000 0100
3650 0000 0100
3649 0000 0100
3650 0000 0100
3651 0000 0100
3651 0000 0100
3650 0000 0100
3649 0000 0100
3651 0000 0100
3650 0000 0100
3650 0000 0100
3651 0000 0100
3650 0000 0100
3651 0000 0100
3652 0000 0100
3650 0000 0100
3650 0000 0100
3651 0000 0100
3651 0000 0100
3651 0000 0100
3650 0000 0100
3651 0000 0100
3650 0000 0100
3649 0000 0100
3651 0000 0100
3650 0000 0100
3650 0000 0100
3648 0000 0100
3650 0000 0100
3650 0000 0100
3652 0000 0100
3650 0000 0100
3650 0000 0100
3650 0000 0100
3650 0000 0100
3650 0000 0100
3650 0000 0100
3651 0000 0100
3650 0000 0100
3650 0000 0100
3651 0000 0100
3650 0000 0100
3650 0000 0100
3651 0000 0100
3651 0000 0100
3649 0000 0100
3652 0000 0100
3651 0000 0100
3650 0000 0100
3650 0000 0100
3650 0000 0100
3650 0000 0100
3649 0000 0100
3649 0000 0100
3651 0000 0100
3652 0000 0100
3651 0000 0100
3651 0000 0100
3651 0000 0100
3650 0000 0100
3648 0000 0100
3649 0000 0100
3650 0000 0100
3652 0000 0100
3650 0000 0100
3651 0000 0100
3651 0000 0100
3649 0000 0100
3649 0000 0100
3649 0000 0100
3650 0000 0100
3650 0000 0100
3651 0000 0100
3649 0000 0100
3651 0000 0100
3651 0000 0100
3650 0000 0100
3649 0000 0100
3652 0000 0100
3652 0000 0100
3651 0000 0100
3650 0000 0100
3649 0000 0100
3650 0000 0100
3649 0000 0100
3649 0000 0100
3652 0000 0100
3649 0000 0100
3649 0000 0100
3650 0000 0100
3651 0000 0100
3651 0000 0100
3652 0000 0100
3650 0000 0100
3651 0000 0100
3649 0000 0100
3648 0000 0100
3650 0000 0100
3651 0000 0100
3652 0000 0100
3650 0000 0100
3652 0000 0100
3652 0000 0100
3651 0000 0100
3650 0000 0100
3651 0000 0100
3651 0000 0100
3650 0000 0100
3648 0000 0100
3652 0000 0100
3651 0000 0100
3651 0000 0100
3649 0000 0100
3649 0000 0100
3650 0000 0100
3649 0000 0100
3651 0000 0100
3652 0000 0100
3652 0000 0100
3649 0000 0100
3649 0000 0100
3650 0000 0100
3651 0000 0100
3652 0000 0100
3650 0000 0100
3651 0000 0100
3650 0000 0100
3651 0000 0100
3651 0000 0100
3648 0000 0100
3651 0000 0100
3652 0000 0100
3652 0000 0100
3651 0000 0100
3651 0000 0100
3651 0000 0100
3651 0000 0100
3648 0000 0100
3650 0000 0100
3649 0000 0100
3651 0000 0100
3650 0000 0100
3653 0000 0100
3650 0000 0100
3650 0000 0100
3649 0000 0100
3649 0000 0100
3650 0000 0100
3649 0000 0100
3650 0000 0100
3651 0000 0100
3650 0000 0100
3649 0000 0100
3650 0000 0100
3649 0000 0100
3651 0000 0100
3651 0000 0100
3650 0000 0100
3651 0000 0100
3651 0000 0100
3650 0000 0100
3650 0000 0100
3649 0000 0100
3650 0000 0100
3651 0000 0100
3651 0000 0100
3651 0000 0100
3651 0000 0100
3649 0000 0100
3651 0000 0100
3650 0000 0100
3652 0000 0100
3651 0000 0100
3649 0000 0100
3650 0000 0100
3651 0000 0100
3651 0000 0100
3651 0000 0100
3649 0000 0100
3651 0000 0100
3649 0000 0100
3650 0000 0100
3648 0000 0100
3650 0000 0100
3650 0000 0100
3649 0000 0100
3650 0000 0100
3650 0000 0100
3651 0000 0100
3650 0000 0100
3652 0000 0100
3650 0000 0100
3651 0000 0100
3651 0000 0100
3652 0000 0100
3649 0000 0100
3651 0000 0100
3651 0000 0100
3650 0000 0100
3649 0000 0100
3651 0000 0100
3650 0000 0100
3650 0000 0100
3649 0000 0100
3650 0000 0100
3650 0000 0100
3651 0000 0100
3652 0000 0100
3650 0000 0100
3651 0000 0100
3652 0000 0100
3650 0000 0100
3650 0000 0100
3651 0000 0100
3651 0000 0100
3652 0000 0100
3652 0000 0100
3649 0000 0100
3649 0000 0100
3651 0000 0100
3650 0000 0100
3652 0000 0100
3652 0000 0100
3652 0000 0100
3651 0000 0100
3651 0000 0100
3650 0000 0100
3652 0000 0100
3651 0000 0100
3650 0000 0100
3650 0000 0100
3651 0000 0100
3651 0000 0100
3649 0000 0100
3649 0000 0100
3652 0000 0100
3648 0000 0100
3650 0000 0100
3652 0000 0100
3650 0000 0100
3650 0000 0100
3649 0000 0100
3649 0000 0100
3650 0000 0100
3650 0000 0100
3652 0000 0100
3650 0000 0100
3649 0000 0100
3650 0000 0100
3652 0000 0100
3651 0000 0100
3650 0000 0100
3651 0000 0100
3651 0000 0100
3650 0000 0100
3649 0000 0100
3650 0000 0100
3652 0000 0100
3652 0000 0100
3648 0000 0100
3649 0000 0100
3649 0000 0100
3651 0000 0100
3650 0000 0100
3651 0000 0100
3651 0000 0100
3650 0000 0100
3650 0000 0100
3650 0000 0100
3651 0000 0100
3650 0000 0100
3649 0000 0100
3652 0000 0100
3650 0000 0100
3650 0000 0100
3651 0000 0100
3651 0000 0100
3649 0000 0100
3650 0000 0100
3651 0000 0100
3650 0000 0100
3650 0000 0100
3651 0000 0100
3649 0000 0100
3648 0000 0100
3649 0000 0100
3651 0000 0100
3651 0000 0100
3650 0000 0100
3650 0000 0100
3651 0000 0100
3650 0000 0100
3652 0000 0100
3650 0000 0100
3649 0000 0100
3651 0000 0100
3651 0000 0100
3651 0000 0100
3650 0000 0100
3650 0000 0100
3651 0000 0100
3651 0000 0100
3650 0000 0100
3649 0000 0100
3650 0000 0100
3649 0000 0100
3650 0000 0100
3650 0000 0100
3650 0000 0100
3651 0000 0100
3650 0000 0100
3652 0000 0100
3652 0000 0100
3649 0000 0100
3650 0000 0100
3651 0000 0100
3650 0000 0100
3652 0000 0100
3650 0000 0100
3651 0000 0100
3651 0000 0100
3651 0000 0100
3650 0000 0110
3651 0000 0100
3650 0000 0100
3651 0000 0100
3650 0000 0100
3651 0000 0100
3651 0000 0100
3651 0000 0100
3649 0000 0100
3650 0000 0100
3652 0000 0100
3652 0000 0100
3655 0000 0100
3659 0000 0100
3660 0000 0100
3661 0000 0100
3670 0000 0100
3675 0000 0100
3680 0000 0100
3684 0000 0100
3689 0000 0100
3693 0000 0100
3700 0000 0100
3703 0000 0100
3710 0000 0100
3718 0000 0100
3722 0000 0100
3726 0000 0100
3729 0000 0100
3737 0000 0100
3741 0000 0100
3748 0000 0100
3753 0000 0100
3759 0000 0100
3766 0000 0100
3770 0000 0100
3776 0000 0100
3780 0000 0100
3783 0000 0100
3788 0000 0100
3793 0000 0100
3800 0000 0100
3807 0000 0100
3813 0000 0100
3815 0000 0100
3820 0000 0100
3821 0000 0100
3821 0000 0100
3822 0000 0100
3822 0000 0100
3825 0000 0100
3823 0000 0100
3824 0000 0100
3822 0000 0100
3823 0000 0100
3820 0000 0100
3821 0000 0100
3821 0000 0100
3819 0000 0100
3820 0000 0100
3819 0000 0100
3820 0000 0100
3818 0000 0100
3819 0000 0100
3818 0000 0100
3817 0000 0100
3816 0000 0100
3816 0000 0100
3816 0000 0100
3814 0000 0100
3811 0000 0100
3815 0000 0100
3812 0000 0100
3810 0000 0100
3809 0000 0100
3807 0000 0100
3807 0000 0100
3805 0000 0100
3804 0000 0100
3802 0000 0100
3801 0000 0100
3800 0000 0100
3800 0000 0100
3799 0000 0100
3798 0000 0100
3797 0000 0100
3798 0000 0100
3797 0000 0100
3799 0000 0100
3797 0000 0100
3795 0000 0100
3797 0000 0100
3796 0000 0100
3796 0000 0100
3796 0000 0100
3796 0000 0100
3796 0000 0100
3796 0000 0100
3797 0000 0100
3799 0000 0100
3798 0000 0100
3798 0000 0100
3798 0000 0100
3800 0000 0100
3801 0000 0100
3801 0000 0100
3804 0000 0100
3805 0000 0100
3808 0000 0100
3807 0000 0100
3808 0000 0100
3809 0000 0100
3808 0000 0100
3809 0000 0100
3809 0000 0100
3811 0000 0100
3811 0000 0100
3811 0000 0100
3810 0000 0100
3810 0000 0100
3808 0000 0100
3808 0000 0100
3809 0000 0100
3810 0000 0100
3810 0000 0100
3807 0000 0100
3809 0000 0100
3807 0000 0100
3807 0000 0100
3806 0000 0100
3807 0000 0100
3807 0000 0100
3807 0000 0100
3807 0000 0100
3807 0000 0100
3807 0000 0100
3806 0000 0100
3805 0000 0100
3804 0000 0100
3804 0000 0100
3803 0000 0100
3805 0000 0100
3803 0000 0100
3803 0000 0100
3801 0000 0100
3801 0000 0100
3801 0000 0100
3803 0000 0100
3803 0000 0100
3800 0000 0100
3801 0000 0100
3801 0000 0100
3802 0000 0100
3802 0000 0100
3800 0000 0100
3801 0000 0100
3802 0000 0100
3804 0000 0100
3804 0000 0100
3804 0000 0100
3802 0000 0100
3803 0000 0100
3804 0000 0100
3804 0000 0100
3805 0000 0100
3806 0000 0100
3807 0000 0100
3805 0000 0100
3805 0000 0100
3806 0000 0100
3806 0000 0100
3805 0000 0100
3807 0000 0100
3807 0000 0100
3807 0000 0100
3805 0000 0100
3805 0000 0100
3807 0000 0100
3807 0000 0100
3805 0000 0100
3807 0000 0100
3807 0000 0100
3805 0000 0100
3805 0000 0100
3807 0000 0100
3807 0000 0100
3805 0000 0100
3806 0000 0100
3806 0000 0100
3806 0000 0100
3805 0000 0100
3804 0000 0100
3807 0000 0100
3804 0000 0100
3805 0000 0100
3806 0000 0100
3807 0000 0100
3805 0000 0100
3803 0000 0100
3805 0000 0100
3807 0000 0100
3806 0000 0100
3805 0000 0100
3806 0000 0100
3804 0000 0100
3807 0000 0100
3806 0000 0100
3805 0000 0100
3806 0000 0100
3804 0000 0100
3804 0000 0100
3805 0000 0100
3804 0000 0100
3806 0000 0100
3805 0000 0100
3805 0000 0100
3806 0000 0100
3805 0000 0100
3804 0000 0100
3805 0000 0100
3805 0000 0100
3805 0000 0100
3806 0000 0100
3804 0000 0100
3805 0000 0100
3807 0000 0100
3804 0000 0100
3804 0000 0100
3804 0000 0100
3806 0000 0100
3804 0000 0100
3806 0000 0100
3805 0000 0100
3804 0000 0100
3802 0000 0100
3804 0000 0100
3804 0000 0100
3805 0000 0100
3806 0000 0100
3805 0000 0100
3804 0000 0100
3805 0000 0100
3804 0000 0100
3804 0000 0100
3804 0000 0100
3804 0000 0100
3805 0000 0100
3804 0000 0100
3805 0000 0100
3802 0000 0100
3804 0000 0100
3804 0000 0100
3805 0000 0100
3804 0000 0100
3804 0000 0100
3804 0000 0100
3804 0000 0100
3805 0000 0100
3804 0000 0100
3803 0000 0100
3806 0000 0100
3806 0000 0100
3804 0000 0100
3804 0000 0100
3808 0000 0100
3805 0000 0100
3804 0000 0100
3804 0000 0100
3805 0000 0100
3804 0000 0100
3805 0000 0100
3804 0000 0100
3807 0000 0100
3806 0000 0100
3805 0000 0100
3804 0000 0100
3805 0000 0100
3806 0000 0100
3804 0000 0100
3804 0000 0100
3806 0000 0100
3806 0000 0100
3807 0000 0100
3803 0000 0100
3804 0000 0100
3805 0000 0100
3804 0000 0100
3805 0000 0100
3806 0000 0100
3804 0000 0100
3806 0000 0100
3804 0000 0100
3803 0000 0100
3805 0000 0100
3806 0000 0100
3804 0000 0100
3804 0000 0100
3807 0000 0100
3805 0000 0100
3804 0000 0100
3804 0000 0100
3804 0000 0100
3804 0000 0100
3803 0000 0100
3804 0000 0100
3804 0000 0100
3804 0000 0100
3804 0000 0100
3803 0000 0100
3804 0000 0100
3804 0000 0100
3804 0000 0100
3805 0000 0100
3803 0000 0100
3805 0000 0100
3805 0000 0100
3804 0000 0100
3803 0000 0100
3804 0000 0100
3804 0000 0100
3805 0000 0100
3803 0000 0100
3803 0000 0100
3805 0000 0100
3805 0000 0100
3803 0000 0100
3805 0000 0100
3804 0000 0100
3805 0000 0100
3804 0000 0100
3805 0000 0100
3804 0000 0100
3804 0000 0100
3807 0000 0100
3804 0000 0100
3804 0000 0100
3805 0000 0100
3805 0000 0100
3804 0000 0100
3806 0000 0100
3804 0000 0100
3807 0000 0100
3804 0000 0100
3805 0000 0100
3805 0000 0100
3804 0000 0100
3806 0000 0100
3803 0000 0100
3804 0000 0100
3805 0000 0100
3806 0000 0100
3804 0000 0100
3805 0000 0100
3804 0000 0100
3805 0000 0100
3803 0000 0100
3805 0000 0100
3806 0000 0100
3804 0000 0100
3804 0000 0100
3805 0000 0100
3805 0000 0100
3805 0000 0100
3802 0000 0100
3804 0000 0100
3807 0000 0100
3804 0000 0100
3804 0000 0100
3806 0000 0100
3804 0000 0100
3805 0000 0100
3803 0000 0100
3804 0000 0100
3805 0000 0100
3805 0000 0100
3805 0000 0100
3804 0000 0100
3806 0000 0100
3805 0000 0100
3803 0000 0100
3805 0000 0100
3804 0000 0100
3805 0000 0100
3807 0000 0100
3805 0000 0100
3804 0000 0100
3804 0000 0100
3804 0000 0100
3804 0000 0100
3805 0000 0100
3805 0000 0100
3804 0000 0100
3804 0000 0100
3805 0000 0100
3804 0000 0100
3804 0000 0100
3804 0000 0100
3805 0000 0100
3806 0000 0100
3804 0000 0100
3804 0000 0100
3806 0000 0100
3804 0000 0100
3803 0000 0100
3804 0000 0100
3804 0000 0100
3803 0000 0100
3804 0000 0100
3805 0000 0100
3805 0000 0100
3803 0000 0100
3804 0000 0100
3806 0000 0100
3805 0000 0100
3804 0000 0100
3803 0000 0100
3804 0000 0100
3804 0000 0100
3804 0000 0100
3804 0000 0100
3804 0000 0100
3805 0000 0100
3805 0000 0100
3803 0000 0100
3805 0000 0100
3804 0000 0100
3803 0000 0100
3803 0000 0100
3805 0000 0100
3806 0000 0100
3806 0000 0100
3806 0000 0100
3804 0000 0100
3804 0000 0100
3804 0000 0100
3804 0000 0100
3804 0000 0100
3807 0000 0100
3805 0000 0100
3806 0000 0100
3805 0000 0100
3804 0000 0100
3804 0000 0100
3804 0000 0100
3804 0000 0100
3804 0000 0100
3806 0000 0100
3803 0000 0100
3807 0000 0100
3803 0000 0100
3805 0000 0100
3804 0000 0100
3803 0000 0100
3804 0000 0100
3804 0000 0100
3802 0000 0100
3804 0000 0100
3804 0000 0100
3805 0000 0100
3805 0000 0100
3805 0000 0100
3805 0000 0100
3804 0000 0100
3804 0000 0100
3804 0000 0100
3804 0000 0100
3803 0000 0100
3803 0000 0100
3803 0000 0100
3805 0000 0100
3805 0000 0100
3803 0000 0100
3803 0000 0100
3805 0000 0100
3804 0000 0100
3804 0000 0100
3805 0000 0100
3805 0000 0100
3805 0000 0100
3804 0000 0100
3804 0000 0100
3806 0000 0100
3804 0000 0100
3805 0000 0100
3804 0000 0100
3805 0000 0100
3807 0000 0100
3803 0000 0100
3805 0000 0100
3804 0000 0100
3804 0000 0100
3804 0000 0100
3804 0000 0100
3803 0000 0100
3803 0000 0100
3805 0000 0100
3804 0000 0100
3805 0000 0100
3804 0000 0100
3804 0000 0100
3805 0000 0100
3805 0000 0100
3803 0000 0100
3803 0000 0100
3804 0000 0100
3804 0000 0100
3804 0000 0100
3804 0000 0100
3805 0000 0100
3804 0000 0100
3804 0000 0100
3805 0000 0100
3805 0000 0100
3805 0000 0100
3803 0000 0100
3805 0000 0100
3804 0000 0100
3804 0000 0100
3806 0000 0100
3805 0000 0100
3805 0000 0100
3804 0000 0100
3807 0000 0100
3803 0000 0100
3803 0000 0100
3804 0000 0100
3804 0000 0100
3806 0000 0100
3804 0000 0100
3802 0000 0100
3804 0000 0100
3804 0000 0100
3803 0000 0100
3804 0000 0100
3805 0000 0100
3806 0000 0100
3805 0000 0100
3804 0000 0100
3803 0000 0100
3805 0000 0100
3804 0000 0100
3803 0000 0100
3804 0000 0100
3805 0000 0100
3804 0000 0100
3803 0000 0100
3804 0000 0100
3805 0000 0100
3805 0000 0100
3803 0000 0100
3803 0000 0100
3804 0000 0100
3804 0000 0100
3803 0000 0100
3804 0000 0100
3804 0000 0100
3804 0000 0100
3803 0000 0100
3804 0000 0100
3806 0000 0100
3804 0000 0100
3804 0000 0100
3804 0000 0100
3805 0000 0100
3805 0000 0100
3804 0000 0100
3805 0000 0100
3804 0000 0100
3803 0000 0100
3804 0000 0100
3802 0000 0100
3803 0000 0100
3806 0000 0100
3805 0000 0100
3804 0000 0100
3804 0000 0100
3804 0000 0100
3804 0000 0100
3803 0000 0100
3804 0000 0100
3802 0000 0100
3803 0000 0100
3805 0000 0100
3804 0000 0100
3805 0000 0100
3803 0000 0100
3805 0000 0100
3804 0000 0100
3803 0000 0100
3804 0000 0100
3804 0000 0100
3804 0000 0100
3804 0000 0100
3804 0000 0100
3803 0000 0100
3804 0000 0100
3804 0000 0100
3804 0000 0100
3804 0000 0100
3804 0000 0100
3803 0000 0100
3804 0000 0100
3802 0000 0100
3803 0000 0100
3805 0000 0100
3804 0000 0100
3804 0000 0100
3804 0000 0100
3805 0000 0100
3804 0000 0100
3804 0000 0100
3804 0000 0100
3803 0000 0100
3805 0000 0100
3803 0000 0100
3804 0000 0100
3806 0000 0100
3804 0000 0100
3806 0000 0100
3807 0000 0100
3805 0000 0100
3806 0000 0100
3804 0000 0100
3804 0000 0100
3804 0000 0100
3804 0000 0100
3805 0000 0100
3803 0000 0100
3806 0000 0100
3803 0000 0100
3803 0000 0100
3804 0000 0100
3805 0000 0100
3805 0000 0100
3804 0000 0100
3804 0000 0100
3803 0000 0100
3804 0000 0100
3805 0000 0100
3804 0000 0100
3806 0000 0100
3805 0000 0100
3804 0000 0100
3804 0000 0100
3805 0000 0100
3806 0000 0100
3806 0000 0100
3804 0000 0100
3804 0000 0100
3805 0000 0100
3805 0000 0100
3804 0000 0100
3805 0000 0100
3803 0000 0100
3804 0000 0100
3805 0000 0100
3805 0000 0100
3805 0000 0100
3804 0000 0100
3804 0000 0100
3805 0000 0100
3804 0000 0100
3804 0000 0100
3806 0000 0100
3804 0000 0100
3804 0000 0100
3804 0000 0100
3804 0000 0100
3804 0000 0100
3804 0000 0100
3805 0000 0100
3805 0000 0100
3804 0000 0100
3804 0000 0100
3804 0000 0100
3804 0000 0100
3803 0000 0100
3805 0000 0100
3802 0000 0100
3805 0000 0100
3804 0000 0100
3804 0000 0100
3805 0000 0100
3804 0000 0100
3804 0000 0100
3804 0000 0100
3804 0000 0100
3804 0000 0100
3805 0000 0100
3804 0000 0100
3804 0000 0100
3804 0000 0100
3804 0000 0100
3805 0000 0100
3804 0000 0100
3805 0000 0100
3805 0000 0100
3806 0000 0100
3803 0000 0100
3804 0000 0100
3804 0000 0100
3804 0000 0100
3804 0000 0100
3803 0000 0100
3805 0000 0100
3805 0000 0100
3805 0000 0100
3803 0000 0100
3805 0000 0100
3804 0000 0100
3804 0000 0100
3804 0000 0100
3803 0000 0100
3804 0000 0100
3804 0000 0100
3805 0000 0100
3804 0000 0100
3806 0000 0100
3805 0000 0100
3805 0000 0100
3803 0000 0100
3803 0000 0100
3804 0000 0100
3803 0000 0100
3804 0000 0100
3804 0000 0100
3804 0000 0100
3804 0000 0100
3803 0000 0100
3805 0000 0100
3804 0000 0100
3806 0000 0100
3805 0000 0100
3806 0000 0100
3805 0000 0100
3803 0000 0100
3804 0000 0100
3804 0000 0100
3805 0000 0100
3804 0000 0100
3804 0000 0100
3804 0000 0100
3805 0000 0100
3806 0000 0100
3804 0000 0100
3805 0000 0100
3804 0000 0100
3804 0000 0100
3805 0000 0100
3804 0000 0100
3804 0000 0100
3806 0000 0100
3804 0000 0100
3803 0000 0100
3803 0000 0100
3803 0000 0100
3805 0000 0100
3805 0000 0100
3804 0000 0100
3804 0000 0100
3805 0000 0100
3803 0000 0100
3804 0000 0100
3804 0000 0100
3805 0000 0100
3803 0000 0100
3803 0000 0100
3803 0000 0100
3805 0000 0100
3804 0000 0100
3804 0000 0100
3804 0000 0100
3807 0000 0100
3804 0000 0100
3804 0000 0100
3804 0000 0100
3802 0000 0100
3804 0000 0100
3803 0000 0100
3804 0000 0100
3804 0000 0100
3805 0000 0100
3806 0000 0100
3804 0000 0100
3804 0000 0100
3804 0000 0100
3805 0000 0100
3804 0000 0100
3805 0000 0100
3806 0000 0100
3805 0000 0100
3804 0000 0100
3805 0000 0100
3804 0000 0100
3804 0000 0100
3804 0000 0100
3804 0000 0100
3804 0000 0100
3805 0000 0100
3804 0000 0100
3805 0000 0100
3805 0000 0100
3803 0000 0100
3804 0000 0100
3804 0000 0100
3805 0000 0100
3804 0000 0100
3805 0000 0100
3806 0000 0100
3805 0000 0100
3804 0000 0100
3804 0000 0100
3804 0000 0100
3806 0000 0100
3805 0000 0100
3804 0000 0100
3804 0000 0100
3805 0000 0100
3804 0000 0100
3805 0000 0100
3805 0000 0100
3806 0000 0100
3804 0000 0100
3804 0000 0100
3805 0000 0100
3804 0000 0100
3804 0000 0100
3802 0000 0100
3803 0000 0100
3804 0000 0100
3805 0000 0100
3805 0000 0100
3803 0000 0100
3804 0000 0100
3806 0000 0100
3804 0000 0100
3803 0000 0100
3804 0000 0100
3803 0000 0100
3804 0000 0100
3802 0000 0100
3804 0000 0100
3804 0000 0100
3804 0000 0100
3804 0000 0100
3804 0000 0100
3803 0000 0100
3804 0000 0100
3804 0000 0100
3806 0000 0100
3806 0000 0100
3804 0000 0100
3805 0000 0100
3803 0000 0100
3805 0000 0100
3804 0000 0100
3806 0000 0100
3803 0000 0100
3803 0000 0100
3807 0000 0100
3805 0000 0100
3804 0000 0100
3806 0000 0100
3804 0000 0100
3805 0000 0100
3802 0000 0100
3806 0000 0100
3804 0000 0100
3804 0000 0100
3805 0000 0100
3804 0000 0100
3805 0000 0100
3805 0000 0100
3805 0000 0100
3802 0000 0100
3806 0000 0100
3804 0000 0100
3801 0000 0100
3804 0000 0100
3805 0000 0100
3803 0000 0100
3807 0000 0100
3804 0000 0100
3805 0000 0100
3803 0000 0100
3804 0000 0100
3806 0000 0100
3806 0000 0100
3805 0000 0100
3804 0000 0100
3804 0000 0100
3805 0000 0100
3804 0000 0100
3807 0000 0100
3804 0000 0100
3803 0000 0100
3804 0000 0100
3804 0000 0100
3805 0000 0100
3803 0000 0100
3804 0000 0100
3805 0000 0100
3806 0000 0100
3804 0000 0100
3804 0000 0100
3804 0000 0100
3804 0000 0100
3804 0000 0100
3804 0000 0100
3804 0000 0100
3804 0000 0100
3804 0000 0100
3803 0000 0100
3805 0000 0100
3806 0000 0100
3803 0000 0100
3804 0000 0100
3804 0000 0100
3805 0000 0100
3804 0000 0100
3804 0000 0100
3803 0000 0100
3804 0000 0100
3807 0000 0100
3804 0000 0100
3805 0000 0100
3804 0000 0100
3804 0000 0100
3804 0000 0100
3804 0000 0100
3803 0000 0100
3804 0000 0100
3805 0000 0100
3804 0000 0100
3803 0000 0100
3804 0000 0100
3804 0000 0100
3804 0000 0100
3804 0000 0100
3805 0000 0100
3804 0000 0100
3805 0000 0100
3804 0000 0100
3804 0000 0100
3804 0000 0100
3802 0000 0100
3804 0000 0100
3804 0000 0100
3803 0000 0100
3805 0000 0100
3806 0000 0100
3804 0000 0100
3803 0000 0100
3804 0000 0100
3804 0000 0100
3804 0000 0100
3805 0000 0100
3806 0000 0100
3806 0000 0100
3802 0000 0100
3805 0000 0100
3804 0000 0100
3803 0000 0100
3803 0000 0100
3803 0000 0100
3806 0000 0100
3805 0000 0100
3803 0000 0100
3803 0000 0100
3803 0000 0100
3805 0000 0100
3804 0000 0100
3805 0000 0100
3804 0000 0100
3804 0000 0100
3803 0000 0100
3805 0000 0100
3805 0000 0100
3804 0000 0100
3804 0000 0100
3805 0000 0100
3804 0000 0100
3804 0000 0100
3805 0000 0100
3805 0000 0100
3805 0000 0100
3806 0000 0100
3804 0000 0100
3804 0000 0100
3805 0000 0100
3804 0000 0100
3807 0000 0100
3804 0000 0100
3804 0000 0100
3804 0000 0100
3805 0000 0100
3803 0000 0100
3803 0000 0100
3805 0000 0100
3805 0000 0100
3804 0000 0100
3805 0000 0100
3803 0000 0100
3806 0000 0100
3804 0000 0100
3804 0000 0100
3804 0000 0100
3804 0000 0100
3804 0000 0100
3806 0000 0100
3804 0000 0100
3804 0000 0100
3805 0000 0100
3803 0000 0100
3804 0000 0100
3804 0000 0100
3804 0000 0100
3804 0000 0100
3803 0000 0100
3804 0000 0100
3805 0000 0100
3805 0000 0100
3803 0000 0100
3803 0000 0100
3803 0000 0100
3805 0000 0100
3805 0000 0100
3806 0000 0100
3805 0000 0100
3804 0000 0100
3804 0000 0100
3803 0000 0100
3803 0000 0100
3804 0000 0100
3804 0000 0100
3805 0000 0100
3803 0000 0100
3803 0000 0100
3804 0000 0100
3802 0000 0100
3805 0000 0100
3805 0000 0100
3805 0000 0100
3805 0000 0100
3804 0000 0100
3805 0000 0100
3803 0000 0100
3803 0000 0100
3806 0000 0100
3805 0000 0100
3807 0000 0100
3805 0000 0100
3803 0000 0100
3803 0000 0100
3804 0000 0100
3804 0000 0100
3803 0000 0100
3805 0000 0100
3805 0000 0100
3805 0000 0100
3804 0000 0100
3804 0000 0100
3804 0000 0100
3804 0000 0100
3804 0000 0100
3804 0000 0100
3805 0000 0100
3803 0000 0100
3804 0000 0100
3807 0000 0100
3803 0000 0100
3802 0000 0100
3804 0000 0100
3804 0000 0100
3805 0000 0100
3803 0000 0100
3803 0000 0100
3805 0000 0100
3805 0000 0100
3804 0000 0100
3804 0000 0100
3804 0000 0100
3805 0000 0100
3804 0000 0100
3805 0000 0100
3805 0000 0100
3804 0000 0100
3804 0000 0100
3804 0000 0100
3805 0000 0100
3803 0000 0100
3804 0000 0100
3804 0000 0100
3804 0000 0100
3804 0000 0100
3805 0000 0100
3804 0000 0100
3805 0000 0100
3805 0000 0100
3803 0000 0100
3804 0000 0100
3804 0000 0100
3804 0000 0100
3804 0000 0100
3804 0000 0100
3804 0000 0100
3804 0000 0100
3805 0000 0100
3804 0000 0100
3804 0000 0100
3804 0000 0100
3802 0000 0100
3804 0000 0100
3804 0000 0100
3805 0000 0100
3805 0000 0100
3805 0000 0100
3803 0000 0100
3804 0000 0100
3805 0000 0100
3806 0000 0100
3804 0000 0100
3805 0000 0100
3807 0000 0100
3803 0000 0100
3803 0000 0100
3805 0000 0100
3805 0000 0100
3804 0000 0100
3803 0000 0100
3804 0000 0100
3806 0000 0100
3803 0000 0100
3806 0000 0100
3804 0000 0100
3804 0000 0100
3803 0000 0100
3804 0000 0100
3803 0000 0100
3805 0000 0100
3804 0000 0100
3804 0000 0100
3803 0000 0100
3804 0000 0100
3804 0000 0100
3804 0000 0100
3806 0000 0100
3804 0000 0100
3805 0000 0100
3804 0000 0100
3804 0000 0100
3803 0000 0100
3802 0000 0100
3804 0000 0100
3804 0000 0100
3803 0000 0100
3804 0000 0100
3803 0000 0100
3805 0000 0100
3804 0000 0100
3804 0000 0100
3804 0000 0100
3805 0000 0100
3805 0000 0100
3805 0000 0100
3805 0000 0100
3803 0000 0100
3805 0000 0100
3804 0000 0100
3806 0000 0100
3804 0000 0100
3805 0000 0100
3805 0000 0100
3803 0000 0100
3802 0000 0100
3804 0000 0100
3805 0000 0100
3803 0000 0100
3804 0000 0100
3805 0000 0100
3804 0000 0100
3804 0000 0100
3807 0000 0100
3804 0000 0100
3804 0000 0100
3804 0000 0100
3803 0000 0100
3804 0000 0100
3804 0000 0100
3804 0000 0100
3804 0000 0100
3806 0000 0100
3805 0000 0100
3803 0000 0100
3803 0000 0100
3806 0000 0100
3804 0000 0100
3804 0000 0100
3804 0000 0100
3806 0000 0100
3805 0000 0100
3805 0000 0100
3804 0000 0100
3805 0000 0100
3805 0000 0100
3806 0000 0100
3806 0000 0100
3802 0000 0100
3803 0000 0100
3804 0000 0100
3805 0000 0100
3804 0000 0100
3804 0000 0100
3805 0000 0100
3803 0000 0100
3802 0000 0100
3804 0000 0100
3804 0000 0100
3804 0000 0100
3807 0000 0100
3805 0000 0100
3805 0000 0100
3804 0000 0100
3803 0000 0100
3804 0000 0100
3804 0000 0100
3804 0000 0100
3805 0000 0100
3803 0000 0100
3803 0000 0100
3805 0000 0100
3803 0000 0100
3803 0000 0100
3803 0000 0100
3803 0000 0100
3803 0000 0100
3805 0000 0100
3803 0000 0100
3806 0000 0100
3804 0000 0100
3805 0000 0100
3805 0000 0100
3802 0000 0100
3804 0000 0100
3803 0000 0100
3804 0000 0100
3802 0000 0100
3804 0000 0100
3805 0000 0100
3804 0000 0100
3804 0000 0100
3804 0000 0100
3804 0000 0100
3804 0000 0100
3804 0000 0100
3805 0000 0100
3805 0000 0100
3804 0000 0100
3805 0000 0100
3804 0000 0100
3806 0000 0100
3802 0000 0100
3804 0000 0100
3804 0000 0100
3806 0000 0100
3804 0000 0100
3803 0000 0100
3805 0000 0100
3804 0000 0100
3804 0000 0100
3804 0000 0100
3802 0000 0100
3806 0000 0100
3803 0000 0100
3802 0000 0100
3804 0000 0100
3804 0000 0100
3804 0000 0100
3804 0000 0100
3803 0000 0100
3806 0000 0100
3805 0000 0100
3804 0000 0100
3803 0000 0100
3805 0000 0100
3805 0000 0100
3804 0000 0100
3803 0000 0100
3804 0000 0100
3803 0000 0100
3803 0000 0100
3804 0000 0100
3806 0000 0100
3804 0000 0100
3805 0000 0100
3805 0000 0100
3804 0000 0100
3804 0000 0100
3803 0000 0100
3803 0000 0100
3805 0000 0100
3804 0000 0100
3804 0000 0100
3805 0000 0100
3807 0000 0100
3804 0000 0100
3804 0000 0100
3804 0000 0100
3804 0000 0100
3802 0000 0100
3802 0000 0100
3803 0000 0100
3804 0000 0100
3803 0000 0100
3804 0000 0100
3804 0000 0100
3804 0000 0100
3804 0000 0100
3804 0000 0100
3804 0000 0100
3803 0000 0100
3803 0000 0100
3803 0000 0100
3805 0000 0100
3804 0000 0100
3804 0000 0100
3804 0000 0100
3804 0000 0100
3803 0000 0100
3803 0000 0100
3804 0000 0100
3805 0000 0100
3804 0000 0100
3804 0000 0100
3805 0000 0100
3804 0000 0100
3805 0000 0100
3805 0000 0100
3805 0000 0100
3806 0000 0100
3803 0000 0100
3804 0000 0100
3804 0000 0100
3804 0000 0100
3803 0000 0100
3803 0000 0100
3803 0000 0100
3804 0000 0100
3804 0000 0100
3804 0000 0100
3806 0000 0100
3806 0000 0100
3803 0000 0100
3801 0000 0100
3802 0000 0100
3803 0000 0100
3804 0000 0100
3802 0000 0100
3802 0000 0100
3803 0000 0100
3802 0000 0100
3801 0000 0100
3804 0000 0100
3802 0000 0100
3800 0000 0100
3800 0000 0100
3804 0000 0100
3802 0000 0100
3802 0000 0100
3801 0000 0100
3805 0000 0100
3803 0000 0100
3802 0000 0100
3804 0000 0100
3805 0000 0100
3805 0000 0100
3806 0000 0100
3806 0000 0100
3805 0000 0100
3805 0000 0100
3806 0000 0100
3804 0000 0100
3805 0000 0100
3806 0000 0100
3805 0000 0100
3807 0000 0100
3805 0000 0100
3805 0000 0100
3806 0000 0100
3805 0000 0100
3807 0000 0100
3806 0000 0100
3805 0000 0100
3805 0000 0100
3805 0000 0100
3805 0000 0100
3806 0000 0100
3806 0000 0100
3806 0000 0100
3805 0000 0100
3804 0000 0100
3805 0000 0100
3804 0000 0100
3804 0000 0100
3804 0000 0100
3803 0000 0100
3804 0000 0100
3802 0000 0100
3803 0000 0100
3802 0000 0100
3801 0000 0100
3801 0000 0100
3802 0000 0100
3801 0000 0100
3801 0000 0100
3802 0000 0100
3802 0000 0100
3802 0000 0100
3800 0000 0100
3803 0000 0100
3801 0000 0100
3802 0000 0100
3801 0000 0100
3801 0000 0100
3802 0000 0100
3800 0000 0100
3803 0000 0100
3803 0000 0100
3802 0000 0100
3805 0000 0100
3801 0000 0100
3801 0000 0100
3802 0000 0100
3802 0000 0100
3801 0000 0100
3800 0000 0100
3801 0000 0100
3804 0000 0100
3802 0000 0100
3802 0000 0100
3804 0000 0100
3805 0000 0100
3804 0000 0100
3804 0000 0100
3803 0000 0100
3805 0000 0100
3805 0000 0100
3806 0000 0100
3805 0000 0100
3807 0000 0100
3805 0000 0100
3805 0000 0100
3805 0000 0100
3804 0000 0100
3805 0000 0100
3806 0000 0100
3806 0000 0100
3806 0000 0100
3808 0000 0100
3804 0000 0100
3808 0000 0100
3806 0000 0100
3807 0000 0100
3808 0000 0100
3806 0000 0100
3807 0000 0100
3805 0000 0100
3806 0000 0100
3805 0000 0100
3806 0000 0100
3805 0000 0100
3806 0000 0100
3807 0000 0100
3803 0000 0100
3804 0000 0100
3804 0000 0100
3805 0000 0100
3803 0000 0100
3802 0000 0100
3804 0000 0100
3804 0000 0100
3803 0000 0100
3801 0000 0100
3802 0000 0100
3801 0000 0100
3801 0000 0100
3799 0000 0100
3799 0000 0100
3800 0000 0100
3801 0000 0100
3800 0000 0100
3800 0000 0100
3799 0000 0100
3801 0000 0100
3801 0000 0100
3799 0000 0100
3801 0000 0100
3800 0000 0100
3800 0000 0100
3801 0000 0100
3802 0000 0100
3801 0000 0100
3800 0000 0100
3800 0000 0100
3800 0000 0100
3802 0000 0100
3800 0000 0100
3801 0000 0100
3800 0000 0100
3803 0000 0100
3801 0000 0100
3800 0000 0100
3803 0000 0100
3801 0000 0100
3801 0000 0100
3804 0000 0100
3802 0000 0100
3803 0000 0100
3804 0000 0100
3803 0000 0100
3803 0000 0100
3803 0000 0100
3804 0000 0100
3804 0000 0100
3803 0000 0100
3804 0000 0100
3802 0000 0100
3803 0000 0100
3804 0000 0100
3803 0000 0100
3804 0000 0100
3804 0000 0100
3803 0000 0100
3803 0000 0100
3804 0000 0100
3804 0000 0100
3801 0000 0100
3804 0000 0100
3804 0000 0100
3805 0000 0100
3805 0000 0100
3804 0000 0100
3805 0000 0100
3804 0000 0100
3805 0000 0100
3803 0000 0100
3804 0000 0100
3803 0000 0100
3804 0000 0100
3806 0000 0100
3803 0000 0100
3804 0000 0100
3805 0000 0100
3805 0000 0100
3805 0000 0100
3804 0000 0100
3804 0000 0100
3804 0000 0100
3804 0000 0100
3804 0000 0100
3803 0000 0100
3806 0000 0100
3806 0000 0100
3805 0000 0100
3805 0000 0100
3805 0000 0100
3806 0000 0100
3805 0000 0100
3805 0000 0100
3804 0000 0100
3805 0000 0100
3802 0000 0100
3804 0000 0100
3804 0000 0100
3806 0000 0100
3804 0000 0100
3805 0000 0100
3804 0000 0100
3804 0000 0100
3804 0000 0100
3803 0000 0100
3804 0000 0100
3804 0000 0100
3803 0000 0100
3803 0000 0100
3802 0000 0100
3802 0000 0100
3803 0000 0100
3801 0000 0100
3802 0000 0100
3801 0000 0100
3800 0000 0100
3801 0000 0100
3800 0000 0100
3802 0000 0100
3799 0000 0100
3800 0000 0100
3801 0000 0100
3802 0000 0100
3802 0000 0100
3800 0000 0100
3800 0000 0100
3803 0000 0100
3801 0000 0100
3802 0000 0100
3801 0000 0100
3801 0000 0100
3800 0000 0100
3800 0000 0100
3801 0000 0100
3801 0000 0100
3802 0000 0100
3802 0000 0100
3804 0000 0100
3802 0000 0100
3803 0000 0100
3801 0000 0100
3803 0000 0100
3803 0000 0100
3802 0000 0100
3803 0000 0100
3804 0000 0100
3804 0000 0100
3804 0000 0100
3804 0000 0100
3803 0000 0100
3804 0000 0100
3803 0000 0100
3804 0000 0100
3806 0000 0100
3804 0000 0100
3803 0000 0100
3804 0000 0100
3805 0000 0100
3802 0000 0100
3803 0000 0100
3804 0000 0100
3803 0000 0100
3806 0000 0100
3806 0000 0100
3804 0000 0100
3802 0000 0100
3804 0000 0100
3804 0000 0100
3803 0000 0100
3803 0000 0100
3804 0000 0100
3802 0000 0100
3804 0000 0100
3803 0000 0100
3804 0000 0100
3804 0000 0100
3804 0000 0100
3804 0000 0100
3803 0000 0100
3804 0000 0100
3803 0000 0100
3802 0000 0100
3802 0000 0100
3805 0000 0100
3803 0000 0100
3804 0000 0100
3804 0000 0100
3804 0000 0100
3805 0000 0100
3803 0000 0100
3805 0000 0100
3803 0000 0100
3804 0000 0100
3803 0000 0100
3802 0000 0100
3802 0000 0100
3805 0000 0100
3804 0000 0100
3804 0000 0100
3804 0000 0100
3804 0000 0100
3803 0000 0100
3801 0000 0100
3800 0000 0100
3804 0000 0100
3801 0000 0100
3801 0000 0100
3803 0000 0100
3803 0000 0100
3803 0000 0100
3803 0000 0100
3803 0000 0100
3804 0000 0100
3803 0000 0100
3802 0000 0100
3804 0000 0100
3804 0000 0100
3804 0000 0100
3806 0000 0100
3804 0000 0100
3804 0000 0100
3803 0000 0100
3803 0000 0100
3802 0000 0100
3803 0000 0100
3805 0000 0100
3805 0000 0100
3804 0000 0100
3803 0000 0100
3802 0000 0100
3803 0000 0100
3803 0000 0100
3801 0000 0100
3803 0000 0100
3803 0000 0100
3802 0000 0100
3803 0000 0100
3803 0000 0100
3801 0000 0100
3804 0000 0100
3803 0000 0100
3802 0000 0100
3803 0000 0100
3802 0000 0100
3802 0000 0100
3805 0000 0100
3803 0000 0100
3802 0000 0100
3803 0000 0100
3803 0000 0100
3803 0000 0100
3802 0000 0100
3804 0000 0100
3802 0000 0100
3804 0000 0100
3805 0000 0100
3804 0000 0100
3802 0000 0100
3803 0000 0100
3803 0000 0100
3804 0000 0100
3805 0000 0100
3804 0000 0100
3804 0000 0100
3802 0000 0100
3802 0000 0100
3803 0000 0100
3803 0000 0100
3804 0000 0100
3802 0000 0100
3804 0000 0100
3803 0000 0100
3803 0000 0100
3802 0000 0100
3803 0000 0100
3801 0000 0100
3802 0000 0100
3803 0000 0100
3801 0000 0100
3803 0000 0100
3803 0000 0100
3803 0000 0100
3803 0000 0100
3805 0000 0100
3803 0000 0100
3803 0000 0100
3803 0000 0100
3804 0000 0100
3804 0000 0100
3805 0000 0100
3804 0000 0100
3804 0000 0100
3804 0000 0100
3805 0000 0100
3804 0000 0100
3804 0000 0100
3802 0000 0100
3803 0000 0100
3806 0000 0100
3804 0000 0100
3804 0000 0100
3803 0000 0100
3803 0000 0100
3804 0000 0100
3802 0000 0100
3802 0000 0100
3804 0000 0100
3804 0000 0100
3802 0000 0100
3803 0000 0100
3802 0000 0100
3801 0000 0100
3802 0000 0100
3804 0000 0100
3804 0000 0100
3804 0000 0100
3802 0000 0100
3803 0000 0100
3802 0000 0100
3803 0000 0100
3802 0000 0100
3801 0000 0100
3802 0000 0100
3803 0000 0100
3804 0000 0100
3802 0000 0100
3803 0000 0100
3802 0000 0100
3799 0000 0100
3801 0000 0100
3803 0000 0100
3801 0000 0100
3803 0000 0100
3802 0000 0100
3800 0000 0100
3801 0000 0100
3803 0000 0100
3801 0000 0100
3802 0000 0100
3801 0000 0100
3801 0000 0100
3802 0000 0100
3801 0000 0100
3802 0000 0100
3802 0000 0100
3800 0000 0100
3802 0000 0100
3803 0000 0100
3802 0000 0100
3803 0000 0100
3804 0000 0100
3803 0000 0100
3803 0000 0100
3803 0000 0100
3802 0000 0100
3804 0000 0100
3803 0000 0100
3802 0000 0100
3805 0000 0100
3803 0000 0100
3804 0000 0100
3802 0000 0100
3803 0000 0100
3803 0000 0100
3804 0000 0100
3802 0000 0100
3803 0000 0100
3803 0000 0100
3804 0000 0100
3804 0000 0100
3804 0000 0100
3803 0000 0100
3805 0000 0100
3805 0000 0100
3804 0000 0100
3804 0000 0100
3804 0000 0100
3803 0000 0100
3804 0000 0100
3803 0000 0100
3805 0000 0100
3804 0000 0100
3804 0000 0100
3803 0000 0100
3805 0000 0100
3803 0000 0100
3802 0000 0100
3802 0000 0100
3803 0000 0100
3803 0000 0100
3804 0000 0100
3802 0000 0100
3805 0000 0100
3803 0000 0100
3804 0000 0100
3804 0000 0100
3804 0000 0100
3804 0000 0100
3804 0000 0100
3804 0000 0100
3803 0000 0100
3804 0000 0100
3804 0000 0100
3805 0000 0100
3803 0000 0100
3806 0000 0100
3805 0000 0100
3802 0000 0100
3803 0000 0100
3803 0000 0100
3801 0000 0100
3802 0000 0100
3804 0000 0100
3802 0000 0100
3804 0000 0100
3803 0000 0100
3802 0000 0100
3805 0000 0100
3803 0000 0100
3801 0000 0100
3802 0000 0100
3805 0000 0100
3803 0000 0100
3802 0000 0100
3804 0000 0100
3804 0000 0100
3803 0000 0100
3803 0000 0100
3803 0000 0100
3802 0000 0100
3803 0000 0100
3804 0000 0100
3804 0000 0100
3804 0000 0100
3802 0000 0100
3802 0000 0100
3803 0000 0100
3801 0000 0100
3802 0000 0100
3802 0000 0100
3803 0000 0100
3801 0000 0100
3803 0000 0100
3803 0000 0100
3803 0000 0100
3803 0000 0100
3801 0000 0100
3800 0000 0100
3800 0000 0100
3801 0000 0100
3802 0000 0100
3803 0000 0100
3802 0000 0100
3802 0000 0100
3803 0000 0100
3801 0000 0100
3802 0000 0100
3800 0000 0100
3801 0000 0100
3803 0000 0100
3803 0000 0100
3803 0000 0100
3802 0000 0100
3803 0000 0100
3804 0000 0100
3802 0000 0100
3803 0000 0100
3804 0000 0100
3802 0000 0100
3802 0000 0100
3803 0000 0100
3804 0000 0100
3804 0000 0100
3804 0000 0100
3805 0000 0100
3804 0000 0100
3804 0000 0100
3802 0000 0100
3803 0000 0100
3802 0000 0100
3804 0000 0100
3804 0000 0100
3803 0000 0100
3803 0000 0100
3804 0000 0100
3804 0000 0100
3803 0000 0100
3804 0000 0100
3802 0000 0100
3803 0000 0100
3804 0000 0100
3802 0000 0100
3802 0000 0100
3803 0000 0100
3804 0000 0100
3803 0000 0100
3803 0000 0100
3804 0000 0100
3804 0000 0100
3804 0000 0100
3801 0000 0100
3805 0000 0100
3804 0000 0100
3802 0000 0100
3801 0000 0100
3802 0000 0100
3803 0000 0100
3802 0000 0100
3802 0000 0100
3803 0000 0100
3803 0000 0100
3802 0000 0100
3801 0000 0100
3802 0000 0100
3803 0000 0100
3802 0000 0100
3801 0000 0100
3802 0000 0100
3804 0000 0100
3802 0000 0100
3802 0000 0100
3803 0000 0100
3804 0000 0100
3803 0000 0100
3803 0000 0100
3802 0000 0100
3801 0000 0100
3804 0000 0100
3803 0000 0100
3804 0000 0100
3802 0000 0100
3803 0000 0100
3801 0000 0100
3805 0000 0100
3803 0000 0100
3803 0000 0100
3804 0000 0100
3803 0000 0100
3802 0000 0100
3802 0000 0100
3803 0000 0100
3801 0000 0100
3802 0000 0100
3802 0000 0100
3802 0000 0100
3802 0000 0100
3802 0000 0100
3802 0000 0100
3801 0000 0100
3802 0000 0100
3802 0000 0100
3803 0000 0100
3804 0000 0100
3801 0000 0100
3804 0000 0100
3802 0000 0100
3802 0000 0100
3800 0000 0100
3801 0000 0100
3804 0000 0100
3803 0000 0100
3803 0000 0100
3802 0000 0100
3802 0000 0100
3802 0000 0100
3801 0000 0100
3801 0000 0100
3803 0000 0100
3801 0000 0100
3802 0000 0100
3802 0000 0100
3803 0000 0100
3804 0000 0100
3805 0000 0100
3803 0000 0100
3802 0000 0100
3803 0000 0100
3803 0000 0100
3803 0000 0100
3802 0000 0100
3803 0000 0100
3804 0000 0100
3803 0000 0100
3803 0000 0100
3802 0000 0100
3801 0000 0100
3804 0000 0100
3804 0000 0100
3805 0000 0100
3803 0000 0100
3804 0000 0100
3804 0000 0100
3804 0000 0100
3804 0000 0100
3804 0000 0100
3805 0000 0100
3803 0000 0100
3804 0000 0100
3802 0000 0100
3805 0000 0100
3805 0000 0100
3804 0000 0100
3805 0000 0100
3805 0000 0100
3804 0000 0100
3803 0000 0100
3803 0000 0100
3803 0000 0100
3804 0000 0100
3804 0000 0100
3804 0000 0100
3803 0000 0100
3804 0000 0100
3803 0000 0100
3801 0000 0100
3802 0000 0100
3801 0000 0100
3801 0000 0100
3801 0000 0100
3803 0000 0100
3802 0000 0100
3801 0000 0100
3800 0000 0100
3801 0000 0100
3800 0000 0100
3802 0000 0100
3802 0000 0100
3804 0000 0100
3804 0000 0100
3802 0000 0100
3800 0000 0100
3802 0000 0100
3801 0000 0100
3803 0000 0100
3804 0000 0100
3801 0000 0100
3802 0000 0100
3802 0000 0100
3801 0000 0100
3804 0000 0100
3803 0000 0100
3804 0000 0100
3801 0000 0100
3803 0000 0100
3804 0000 0100
3803 0000 0100
3803 0000 0100
3804 0000 0100
3804 0000 0100
3802 0000 0100
3801 0000 0100
3803 0000 0100
3804 0000 0100
3803 0000 0100
3803 0000 0100
3802 0000 0100
3800 0000 0100
3802 0000 0100
3802 0000 0100
3801 0000 0100
3804 0000 0100
3802 0000 0100
3801 0000 0100
3800 0000 0100
3802 0000 0100
3804 0000 0100
3801 0000 0100
3802 0000 0100
3801 0000 0100
3803 0000 0100
3800 0000 0100
3800 0000 0100
3801 0000 0100
3801 0000 0100
3801 0000 0100
3802 0000 0100
3801 0000 0100
3803 0000 0100
3803 0000 0100
3801 0000 0100
3802 0000 0100
3801 0000 0100
3801 0000 0100
3803 0000 0100
3803 0000 0100
3802 0000 0100
3801 0000 0100
3804 0000 0100
3802 0000 0100
3802 0000 0100
3803 0000 0100
3802 0000 0100
3804 0000 0100
3803 0000 0100
3805 0000 0100
3804 0000 0100
3803 0000 0100
3805 0000 0100
3803 0000 0100
3803 0000 0100
3802 0000 0100
3804 0000 0100
3804 0000 0100
3804 0000 0100
3805 0000 0100
3805 0000 0100
3806 0000 0100
3804 0000 0100
3803 0000 0100
3803 0000 0100
3803 0000 0100
3803 0000 0100
3803 0000 0100
3806 0000 0100
3806 0000 0100
3803 0000 0100
3804 0000 0100
3803 0000 0100
3803 0000 0100
3804 0000 0100
3801 0000 0100
3802 0000 0100
3802 0000 0100
3804 0000 0100
3803 0000 0100
3801 0000 0100
3802 0000 0100
3801 0000 0100
3803 0000 0100
3802 0000 0100
3803 0000 0100
3802 0000 0100
3802 0000 0100
3802 0000 0100
3801 0000 0100
3801 0000 0100
3801 0000 0100
3802 0000 0100
3801 0000 0100
3801 0000 0100
3801 0000 0100
3802 0000 0100
3800 0000 0100
3801 0000 0100
3802 0000 0100
3802 0000 0100
3802 0000 0100
3801 0000 0100
3802 0000 0100
3802 0000 0100
3803 0000 0100
3801 0000 0100
3801 0000 0100
3801 0000 0100
3801 0000 0100
3801 0000 0100
3802 0000 0100
3803 0000 0100
3802 0000 0100
3801 0000 0100
3801 0000 0100
3802 0000 0100
3802 0000 0100
3799 0000 0100
3801 0000 0100
3803 0000 0100
3802 0000 0100
3802 0000 0100
3801 0000 0100
3802 0000 0100
3802 0000 0100
3802 0000 0100
3800 0000 0100
3802 0000 0100
3802 0000 0100
3802 0000 0100
3803 0000 0100
3803 0000 0100
3802 0000 0100
3804 0000 0100
3804 0000 0100
3804 0000 0100
3803 0000 0100
3806 0000 0100
3804 0000 0100
3805 0000 0100
3802 0000 0100
3804 0000 0100
3804 0000 0100
3803 0000 0100
3804 0000 0100
3803 0000 0100
3804 0000 0100
3802 0000 0100
3804 0000 0100
3804 0000 0100
3806 0000 0100
3804 0000 0100
3804 0000 0100
3804 0000 0100
3803 0000 0100
3803 0000 0100
3804 0000 0100
3802 0000 0100
3802 0000 0100
3804 0000 0100
3804 0000 0100
3804 0000 0100
3804 0000 0100
3801 0000 0100
3803 0000 0100
3803 0000 0100
3802 0000 0100
3802 0000 0100
3803 0000 0100
3801 0000 0100
3803 0000 0100
3803 0000 0100
3803 0000 0100
3802 0000 0100
3803 0000 0100
3802 0000 0100
3803 0000 0100
3802 0000 0100
3803 0000 0100
3802 0000 0100
3802 0000 0100
3804 0000 0100
3802 0000 0100
3802 0000 0100
3803 0000 0100
3803 0000 0100
3803 0000 0100
3801 0000 0100
3802 0000 0100
3802 0000 0100
3803 0000 0100
3803 0000 0100
3803 0000 0100
3805 0000 0100
3804 0000 0100
3803 0000 0100
3801 0000 0100
3804 0000 0100
3803 0000 0100
3802 0000 0100
3803 0000 0100
3805 0000 0100
3803 0000 0100
3803 0000 0100
3801 0000 0100
3801 0000 0100
3801 0000 0100
3803 0000 0100
3803 0000 0100
3802 0000 0100
3802 0000 0100
3802 0000 0100
3803 0000 0100
3801 0000 0100
3803 0000 0100
3802 0000 0100
3802 0000 0100
3800 0000 0100
3800 0000 0100
3800 0000 0100
3800 0000 0100
3801 0000 0100
3803 0000 0100
3801 0000 0100
3802 0000 0100
3801 0000 0100
3800 0000 0100
3800 0000 0100
3800 0000 0100
3802 0000 0100
3801 0000 0100
3801 0000 0100
3801 0000 0100
3801 0000 0100
3801 0000 0100
3802 0000 0100
3803 0000 0100
3802 0000 0100
3802 0000 0100
3805 0000 0100
3805 0000 0100
3803 0000 0100
3802 0000 0100
3802 0000 0100
3803 0000 0100
3802 0000 0100
3801 0000 0100
3804 0000 0100
3803 0000 0100
3803 0000 0100
3803 0000 0100
3801 0000 0100
3802 0000 0100
3802 0000 0100
3802 0000 0100
3802 0000 0100
3805 0000 0100
3803 0000 0100
3802 0000 0100
3802 0000 0100
3801 0000 0100
3804 0000 0100
3803 0000 0100
3804 0000 0100
3804 0000 0100
3803 0000 0100
3805 0000 0100
3804 0000 0100
3803 0000 0100
3804 0000 0100
3802 0000 0100
3802 0000 0100
3802 0000 0100
3804 0000 0100
3803 0000 0100
3807 0000 0100
3803 0000 0100
3804 0000 0100
3804 0000 0100
3804 0000 0100
3802 0000 0100
3801 0000 0100
3801 0000 0100
3802 0000 0100
3801 0000 0100
3802 0000 0100
3803 0000 0100
3802 0000 0100
3802 0000 0100
3802 0000 0100
3802 0000 0100
3802 0000 0100
3801 0000 0100
3802 0000 0100
3801 0000 0100
3801 0000 0100
3802 0000 0100
3799 0000 0100
3801 0000 0100
3801 0000 0100
3801 0000 0100
3802 0000 0100
3802 0000 0100
3801 0000 0100
3800 0000 0100
3802 0000 0100
3800 0000 0100
3802 0000 0100
3801 0000 0100
3801 0000 0100
3802 0000 0100
3801 0000 0100
3802 0000 0100
3802 0000 0100
3803 0000 0100
3803 0000 0100
3802 0000 0100
3802 0000 0100
3802 0000 0100
3803 0000 0100
3803 0000 0100
3803 0000 0100
3802 0000 0100
3801 0000 0100
3801 0000 0100
3801 0000 0100
3801 0000 0100
3803 0000 0100
3802 0000 0100
3804 0000 0100
3802 0000 0100
3802 0000 0100
3802 0000 0100
3802 0000 0100
3803 0000 0100
3802 0000 0100
3802 0000 0100
3802 0000 0100
3802 0000 0100
3803 0000 0100
3802 0000 0100
3800 0000 0100
3801 0000 0100
3802 0000 0100
3802 0000 0100
3801 0000 0100
3802 0000 0100
3804 0000 0100
3801 0000 0100
3801 0000 0100
3802 0000 0100
3801 0000 0100
3801 0000 0100
3801 0000 0100
3803 0000 0100
3804 0000 0100
3804 0000 0100
3804 0000 0100
3801 0000 0100
3802 0000 0100
3802 0000 0100
3805 0000 0100
3803 0000 0100
3802 0000 0100
3802 0000 0100
3802 0000 0100
3802 0000 0100
3803 0000 0100
3802 0000 0100
3803 0000 0100
3802 0000 0100
3802 0000 0100
3801 0000 0100
3804 0000 0100
3803 0000 0100
3802 0000 0100
3802 0000 0100
3802 0000 0100
3804 0000 0100
3803 0000 0100
3803 0000 0100
3803 0000 0100
3805 0000 0100
3805 0000 0100
3804 0000 0100
3803 0000 0100
3803 0000 0100
3802 0000 0100
3803 0000 0100
3803 0000 0100
3805 0000 0100
3804 0000 0100
3805 0000 0100
3804 0000 0100
3805 0000 0100
3803 0000 0100
3802 0000 0100
3803 0000 0100
3804 0000 0100
3803 0000 0100
3803 0000 0100
3803 0000 0100
3802 0000 0100
3801 0000 0100
3802 0000 0100
3801 0000 0100
3802 0000 0100
3803 0000 0100
3800 0000 0100
3802 0000 0100
3802 0000 0100
3803 0000 0100
3800 0000 0100
3803 0000 0100
3802 0000 0100
3802 0000 0100
3803 0000 0100
3802 0000 0100
3802 0000 0100
3800 0000 0100
3801 0000 0100
3801 0000 0100
3805 0000 0100
3801 0000 0100
3803 0000 0100
3802 0000 0100
3802 0000 0100
3801 0000 0100
3802 0000 0100
3800 0000 0100
3800 0000 0100
3801 0000 0100
3804 0000 0100
3802 0000 0100
3803 0000 0100
3802 0000 0100
3803 0000 0100
3801 0000 0100
3802 0000 0100
3802 0000 0100
3802 0000 0100
3804 0000 0100
3803 0000 0100
3802 0000 0100
3802 0000 0100
3803 0000 0100
3801 0000 0100
3803 0000 0100
3804 0000 0100
3802 0000 0100
3803 0000 0100
3801 0000 0100
3803 0000 0100
3803 0000 0100
3803 0000 0100
3801 0000 0100
3801 0000 0100
3801 0000 0100
3802 0000 0100
3802 0000 0100
3801 0000 0100
3801 0000 0100
3804 0000 0100
3802 0000 0100
3804 0000 0100
3803 0000 0100
3804 0000 0100
3803 0000 0100
3802 0000 0100
3803 0000 0100
3803 0000 0100
3803 0000 0100
3803 0000 0100
3804 0000 0100
3804 0000 0100
3801 0000 0100
3803 0000 0100
3802 0000 0100
3803 0000 0100
3804 0000 0100
3802 0000 0100
3802 0000 0100
3803 0000 0100
3802 0000 0100
3802 0000 0100
3803 0000 0100
3801 0000 0100
3802 0000 0100
3802 0000 0100
3804 0000 0100
3803 0000 0100
3805 0000 0100
3803 0000 0100
3804 0000 0100
3803 0000 0100
3803 0000 0100
3801 0000 0100
3805 0000 0100
3804 0000 0100
3803 0000 0100
3804 0000 0100
3803 0000 0100
3803 0000 0100
3804 0000 0100
3803 0000 0100
3803 0000 0100
3803 0000 0100
3804 0000 0100
3803 0000 0100
3803 0000 0100
3801 0000 0100
3801 0000 0100
3803 0000 0100
3801 0000 0100
3802 0000 0100
3802 0000 0100
3803 0000 0100
3803 0000 0100
3802 0000 0100
3802 0000 0100
3804 0000 0100
3802 0000 0100
3802 0000 0100
3803 0000 0100
3802 0000 0100
3802 0000 0100
3802 0000 0100
3802 0000 0100
3804 0000 0100
3802 0000 0100
3804 0000 0100
3801 0000 0100
3802 0000 0100
3802 0000 0100
3800 0000 0100
3802 0000 0100
3803 0000 0100
3804 0000 0100
3803 0000 0100
3801 0000 0100
3803 0000 0100
3801 0000 0100
3801 0000 0100
3803 0000 0100
3802 0000 0100
3804 0000 0100
3802 0000 0100
3803 0000 0100
3801 0000 0100
3801 0000 0100
3803 0000 0100
3801 0000 0100
3804 0000 0100
3803 0000 0100
3802 0000 0100
3801 0000 0100
3802 0000 0100
3802 0000 0100
3801 0000 0100
3801 0000 0100
3801 0000 0100
3803 0000 0100
3801 0000 0100
3800 0000 0100
3802 0000 0100
3802 0000 0100
3800 0000 0100
3799 0000 0100
3800 0000 0100
3801 0000 0100
3803 0000 0100
3802 0000 0100
3802 0000 0100
3800 0000 0100
3804 0000 0100
3801 0000 0100
3802 0000 0100
3804 0000 0100
3803 0000 0100
3804 0000 0100
3804 0000 0100
3805 0000 0100
3802 0000 0100
3804 0000 0100
3802 0000 0100
3802 0000 0100
3803 0000 0100
3803 0000 0100
3804 0000 0100
3803 0000 0100
3803 0000 0100
3802 0000 0100
3803 0000 0100
3802 0000 0100
3802 0000 0100
3802 0000 0100
3802 0000 0100
3803 0000 0100
3804 0000 0100
3804 0000 0100
3802 0000 0100
3803 0000 0100
3805 0000 0100
3803 0000 0100
3805 0000 0100
3803 0000 0100
3805 0000 0100
3805 0000 0100
3804 0000 0100
3804 0000 0100
3805 0000 0100
3802 0000 0100
3802 0000 0100
3803 0000 0100
3804 0000 0100
3804 0000 0100
3802 0000 0100
3802 0000 0100
3804 0000 0100
3803 0000 0100
3803 0000 0100
3800 0000 0100
3801 0000 0100
3802 0000 0100
3802 0000 0100
3802 0000 0100
3801 0000 0100
3803 0000 0100
3802 0000 0100
3803 0000 0100
3802 0000 0100
3800 0000 0100
3802 0000 0100
3803 0000 0100
3801 0000 0100
3802 0000 0100
3803 0000 0100
3802 0000 0100
3800 0000 0100
3800 0000 0100
3800 0000 0100
3801 0000 0100
3803 0000 0100
3803 0000 0100
3801 0000 0100
3802 0000 0100
3801 0000 0100
3802 0000 0100
3804 0000 0100
3802 0000 0100
3802 0000 0100
3802 0000 0100
3803 0000 0100
3803 0000 0100
3804 0000 0100
3803 0000 0100
3801 0000 0100
3801 0000 0100
3801 0000 0100
3801 0000 0100
3801 0000 0100
3801 0000 0100
3802 0000 0100
3802 0000 0100
3802 0000 0100
3801 0000 0100
3803 0000 0100
3803 0000 0100
3800 0000 0100
3801 0000 0100
3802 0000 0100
3800 0000 0100
3802 0000 0100
3801 0000 0100
3800 0000 0100
3802 0000 0100
3801 0000 0100
3802 0000 0100
3802 0000 0100
3802 0000 0100
3800 0000 0100
3803 0000 0100
3801 0000 0100
3802 0000 0100
3801 0000 0100
3802 0000 0100
3801 0000 0100
3803 0000 0100
3803 0000 0100
3801 0000 0100
3803 0000 0100
3801 0000 0100
3801 0000 0100
3801 0000 0100
3803 0000 0100
3801 0000 0100
3802 0000 0100
3803 0000 0100
3804 0000 0100
3803 0000 0100
3802 0000 0100
3803 0000 0100
3803 0000 0100
3803 0000 0100
3803 0000 0100
3804 0000 0100
3803 0000 0100
3803 0000 0100
3803 0000 0100
3803 0000 0100
3805 0000 0100
3804 0000 0100
3805 0000 0100
3803 0000 0100
3803 0000 0100
3804 0000 0100
3803 0000 0100
3804 0000 0100
3804 0000 0100
3803 0000 0100
3804 0000 0100
3803 0000 0100
3803 0000 0100
3803 0000 0100
3803 0000 0100
3804 0000 0100
3805 0000 0100
3802 0000 0100
3804 0000 0100
3804 0000 0100
3801 0000 0100
3804 0000 0100
3803 0000 0100
3801 0000 0100
3802 0000 0100
3801 0000 0100
3800 0000 0100
3801 0000 0100
3802 0000 0100
3802 0000 0100
3801 0000 0100
3803 0000 0100
3803 0000 0100
3802 0000 0100
3800 0000 0100
3801 0000 0100
3804 0000 0100
3801 0000 0100
3801 0000 0100
3801 0000 0100
3800 0000 0100
3800 0000 0100
3801 0000 0100
3800 0000 0100
3801 0000 0100
3802 0000 0100
3800 0000 0100
3801 0000 0100
3802 0000 0100
3801 0000 0100
3802 0000 0100
3801 0000 0100
3801 0000 0100
3801 0000 0100
3801 0000 0100
3802 0000 0100
3803 0000 0100
3802 0000 0100
3800 0000 0100
3802 0000 0100
3804 0000 0100
3802 0000 0100
3802 0000 0100
3801 0000 0100
3801 0000 0100
3803 0000 0100
3803 0000 0100
3803 0000 0100
3802 0000 0100
3804 0000 0100
3802 0000 0100
3802 0000 0100
3802 0000 0100
3803 0000 0100
3801 0000 0100
3804 0000 0100
3802 0000 0100
3802 0000 0100
3804 0000 0100
3804 0000 0100
3803 0000 0100
3802 0000 0100
3801 0000 0100
3801 0000 0100
3802 0000 0100
3803 0000 0100
3804 0000 0100
3803 0000 0100
3802 0000 0100
3801 0000 0100
3800 0000 0100
3801 0000 0100
3801 0000 0100
3803 0000 0100
3801 0000 0100
3802 0000 0100
3801 0000 0100
3802 0000 0100
3803 0000 0100
3804 0000 0100
3803 0000 0100
3804 0000 0100
3804 0000 0100
3801 0000 0100
3802 0000 0100
3804 0000 0100
3802 0000 0100
3804 0000 0100
3805 0000 0100
3804 0000 0100
3804 0000 0100
3803 0000 0100
3802 0000 0100
3803 0000 0100
3803 0000 0100
3804 0000 0100
3802 0000 0100
3802 0000 0100
3803 0000 0100
3801 0000 0100
3801 0000 0100
3803 0000 0100
3802 0000 0100
3801 0000 0100
3800 0000 0100
3801 0000 0100
3804 0000 0100
3801 0000 0100
3802 0000 0100
3801 0000 0100
3801 0000 0100
3802 0000 0100
3804 0000 0100
3805 0000 0100
3800 0000 0100
3801 0000 0100
3800 0000 0100
3804 0000 0100
3804 0000 0100
3801 0000 0100
3800 0000 0100
3804 0000 0100
3803 0000 0100
3804 0000 0100
3798 0000 0100
3803 0000 0100
3804 0000 0100
3802 0000 0100
3800 0000 0100
3804 0000 0100
3801 0000 0100
3802 0000 0100
3802 0000 0100
3801 0000 0100
3802 0000 0100
3804 0000 0100
3802 0000 0100
3803 0000 0100
3807 0000 0100
3800 0000 0100
3807 0000 0100
3801 0000 0100
3801 0000 0100
3805 0000 0100
3805 0000 0100
3804 0000 0100
3802 0000 0100
3805 0000 0100
3805 0000 0100
3803 0000 0100
3802 0000 0100
3801 0000 0100
3804 0000 0100
3803 0000 0100
3802 0000 0100
3803 0000 0100
3801 0000 0100
3805 0000 0100
3803 0000 0100
3801 0000 0100
3804 0000 0100
3801 0000 0100
3803 0000 0100
3803 0000 0100
3805 0000 0100
3805 0000 0100
3802 0000 0100
3801 0000 0100
3805 0000 0100
3802 0000 0100
3805 0000 0100
3806 0000 0100
3803 0000 0100
3804 0000 0100
3800 0000 0100
3803 0000 0100
3806 0000 0100
3802 0000 0100
3802 0000 0100
3806 0000 0100
3802 0000 0100
3804 0000 0100
3803 0000 0100
3803 0000 0100
3807 0000 0100
3804 0000 0100
3802 0000 0100
3807 0000 0100
3799 0000 0100
3804 0000 0100
3802 0000 0100
3802 0000 0100
3804 0000 0100
3806 0000 0100
3801 0000 0100
3801 0000 0100
3803 0000 0100
3808 0000 0100
3803 0000 0100
3809 0000 0100
3803 0000 0100
3804 0000 0100
3807 0000 0100
3801 0000 0100
3811 0000 0100
3804 0000 0100
3802 0000 0100
3804 0000 0100
3803 0000 0100
3801 0000 0100
3803 0000 0100
3801 0000 0100
3800 0000 0100
3801 0000 0100
3800 0000 0100
3802 0000 0100
3802 0000 0100
3802 0000 0100
3800 0000 0100
3802 0000 0100
3804 0000 0100
3802 0000 0100
3803 0000 0100
3806 0000 0100
3800 0000 0100
3801 0000 0100
3800 0000 0100
3800 0000 0100
3803 0000 0100
3801 0000 0100
3802 0000 0100
3805 0000 0100
3801 0000 0100
3799 0000 0100
3802 0000 0100
3800 0000 0100
3801 0000 0100
3804 0000 0100
3800 0000 0100
3801 0000 0100
3802 0000 0100
3801 0000 0100
3801 0000 0100
3800 0000 0100
3801 0000 0100
3801 0000 0100
3801 0000 0100
3802 0000 0100
3804 0000 0100
3802 0000 0100
3797 0000 0100
3810 0000 0100
3800 0000 0100
3801 0000 0100
3802 0000 0100
3800 0000 0100
3805 0000 0100
3804 0000 0100
3796 0000 0100
3802 0000 0100
3808 0000 0100
3801 0000 0100
3798 0000 0100
3802 0000 0100
3800 0000 0100
3802 0000 0100
3801 0000 0100
3802 0000 0100
3807 0000 0100
3800 0000 0100
3804 0000 0100
3803 0000 0100
3804 0000 0100
3801 0000 0100
3804 0000 0100
3802 0000 0100
3800 0000 0100
3802 0000 0100
3802 0000 0100
3799 0000 0100
3806 0000 0100
3803 0000 0100
3804 0000 0100
3803 0000 0100
3810 0000 0100
3805 0000 0100
3806 0000 0100
3803 0000 0100
3803 0000 0100
3806 0000 0100
3804 0000 0100
3802 0000 0100
3804 0000 0100
3802 0000 0100
3802 0000 0100
3803 0000 0100
3803 0000 0100
3802 0000 0100
3802 0000 0100
3803 0000 0100
3803 0000 0100
3804 0000 0100
3803 0000 0100
3801 0000 0100
3803 0000 0100
3800 0000 0100
3803 0000 0100
3800 0000 0100
3802 0000 0100
3802 0000 0100
3801 0000 0100
3802 0000 0100
3804 0000 0100
3802 0000 0100
3801 0000 0100
3801 0000 0100
3803 0000 0100
3803 0000 0100
3800 0000 0100
3803 0000 0100
3803 0000 0100
3801 0000 0100
3801 0000 0100
3802 0000 0100
3802 0000 0100
3801 0000 0100
3804 0000 0100
3803 0000 0100
3802 0000 0100
3802 0000 0100
3800 0000 0100
3803 0000 0100
3802 0000 0100
3801 0000 0100
3801 0000 0100
3800 0000 0100
3800 0000 0100
3801 0000 0100
3803 0000 0100
3801 0000 0100
3803 0000 0100
3803 0000 0100
3802 0000 0100
3801 0000 0100
3801 0000 0100
3801 0000 0100
3801 0000 0100
3802 0000 0100
3802 0000 0100
3802 0000 0100
3801 0000 0100
3801 0000 0100
3801 0000 0100
3802 0000 0100
3803 0000 0100
3803 0000 0100
3803 0000 0100
3802 0000 0100
3804 0000 0100
3800 0000 0100
3800 0000 0100
3803 0000 0100
3803 0000 0100
3802 0000 0100
3803 0000 0100
3801 0000 0100
3803 0000 0100
3801 0000 0100
3803 0000 0100
3802 0000 0100
3803 0000 0100
3802 0000 0100
3803 0000 0100
3801 0000 0100
3803 0000 0100
3802 0000 0100
3803 0000 0100
3803 0000 0100
3803 0000 0100
3802 0000 0100
3803 0000 0100
3802 0000 0100
3804 0000 0100
3803 0000 0100
3805 0000 0100
3803 0000 0100
3809 0000 0100
3801 0000 0100
3803 0000 0100
3807 0000 0100
3801 0000 0100
3802 0000 0100
3806 0000 0100
3801 0000 0100
3804 0000 0100
3799 0000 0100
3801 0000 0100
3805 0000 0100
3803 0000 0100
3802 0000 0100
3806 0000 0100
3800 0000 0100
3804 0000 0100
3807 0000 0100
3806 0000 0100
3806 0000 0100
3803 0000 0100
3802 0000 0100
3807 0000 0100
3802 0000 0100
3803 0000 0100
3805 0000 0100
3802 0000 0100
3802 0000 0100
3801 0000 0100
3803 0000 0100
3805 0000 0100
3803 0000 0100
3803 0000 0100
3801 0000 0100
3802 0000 0100
3799 0000 0100
3802 0000 0100
3804 0000 0100
3798 0000 0100
3802 0000 0100
3801 0000 0100
3800 0000 0100
3805 0000 0100
3804 0000 0100
3802 0000 0100
3797 0000 0100
3799 0000 0100
3803 0000 0100
3806 0000 0100
3799 0000 0100
3799 0000 0100
3804 0000 0100
3801 0000 0100
3802 0000 0100
3801 0000 0100
3800 0000 0100
3804 0000 0100
3798 0000 0100
3800 0000 0100
3804 0000 0100
3802 0000 0100
3801 0000 0100
3801 0000 0100
3804 0000 0100
3803 0000 0100
3799 0000 0100
3799 0000 0100
3807 0000 0100
3805 0000 0100
3800 0000 0100
3801 0000 0100
3803 0000 0100
3799 0000 0100
3802 0000 0100
3803 0000 0100
3801 0000 0100
3803 0000 0100
3803 0000 0100
3799 0000 0100
3803 0000 0100
3801 0000 0100
3800 0000 0100
3803 0000 0100
3802 0000 0100
3807 0000 0100
3802 0000 0100
3804 0000 0100
3805 0000 0100
3804 0000 0100
3806 0000 0100
3802 0000 0100
3802 0000 0100
3802 0000 0100
3808 0000 0100
3803 0000 0100
3804 0000 0100
3800 0000 0100
3803 0000 0100
3798 0000 0100
3803 0000 0100
3800 0000 0100
3803 0000 0100
3803 0000 0100
3804 0000 0100
3802 0000 0100
3802 0000 0100
3804 0000 0100
3802 0000 0100
3803 0000 0100
3801 0000 0100
3806 0000 0100
3801 0000 0100
3803 0000 0100
3804 0000 0100
3802 0000 0100
3800 0000 0100
3803 0000 0100
3806 0000 0100
3800 0000 0100
3801 0000 0100
3807 0000 0100
3804 0000 0100
3800 0000 0100
3803 0000 0100
3801 0000 0100
3807 0000 0100
3801 0000 0100
3795 0000 0100
3802 0000 0100
3807 0000 0100
3803 0000 0100
3806 0000 0100
3801 0000 0100
3802 0000 0100
3800 0000 0100
3800 0000 0100
3803 0000 0100
3805 0000 0100
3800 0000 0100
3806 0000 0100
3801 0000 0100
3810 0000 0100
3803 0000 0100
3803 0000 0100
3799 0000 0100
3804 0000 0100
3801 0000 0100
3804 0000 0100
3805 0000 0100
3801 0000 0100
3801 0000 0100
3804 0000 0100
3800 0000 0100
3801 0000 0100
3803 0000 0100
3800 0000 0100
3801 0000 0100
3802 0000 0100
3801 0000 0100
3803 0000 0100
3808 0000 0100
3798 0000 0100
3803 0000 0100
3801 0000 0100
3809 0000 0100
3798 0000 0100
3801 0000 0100
3801 0000 0100
3803 0000 0100
3798 0000 0100
3803 0000 0100
3807 0000 0100
3799 0000 0100
3802 0000 0100
3811 0000 0100
3797 0000 0100
3803 0000 0100
3805 0000 0100
3801 0000 0100
3804 0000 0100
3802 0000 0100
3804 0000 0100
3802 0000 0100
3802 0000 0100
3805 0000 0100
3799 0000 0100
3802 0000 0100
3804 0000 0100
3800 0000 0100
3805 0000 0100
3805 0000 0100
3805 0000 0100
3803 0000 0100
3805 0000 0100
3804 0000 0100
3802 0000 0100
3808 0000 0100
3805 0000 0100
3797 0000 0100
3804 0000 0100
3802 0000 0100
3804 0000 0100
3804 0000 0100
3802 0000 0100
3801 0000 0100
3805 0000 0100
3801 0000 0100
3801 0000 0100
3802 0000 0100
3802 0000 0100
3802 0000 0100
3804 0000 0100
3802 0000 0100
3800 0000 0100
3801 0000 0100
3801 0000 0100
3806 0000 0100
3812 0000 0100
3806 0000 0100
3802 0000 0100
3800 0000 0100
3802 0000 0100
3803 0000 0100
3798 0000 0100
3800 0000 0100
3807 0000 0100
3803 0000 0100
3805 0000 0100
3806 0000 0100
3801 0000 0100
3805 0000 0100
3805 0000 0100
3805 0000 0100
3802 0000 0100
3801 0000 0100
3804 0000 0100
3804 0000 0100
3800 0000 0100
3802 0000 0100
3799 0000 0100
3801 0000 0100
3803 0000 0100
3800 0000 0100
3802 0000 0100
3804 0000 0100
3801 0000 0100
3804 0000 0100
3792 0000 0100
3800 0000 0100
3802 0000 0100
3803 0000 0100
3801 0000 0100
3800 0000 0100
3803 0000 0100
3802 0000 0100
3801 0000 0100
3805 0000 0100
3804 0000 0100
3801 0000 0100
3801 0000 0100
3799 0000 0100
3804 0000 0100
3801 0000 0100
3803 0000 0100
3797 0000 0100
3804 0000 0100
3800 0000 0100
3800 0000 0100
3806 0000 0100
3799 0000 0100
3800 0000 0100
3804 0000 0100
3804 0000 0100
3805 0000 0100
3802 0000 0100
3803 0000 0100
3804 0000 0100
3802 0000 0100
3801 0000 0100
3802 0000 0100
3805 0000 0100
3796 0000 0100
3799 0000 0100
3801 0000 0100
3804 0000 0100
3802 0000 0100
3802 0000 0100
3803 0000 0100
3799 0000 0100
3801 0000 0100
3804 0000 0100
3803 0000 0100
3802 0000 0100
3804 0000 0100
3803 0000 0100
3800 0000 0100
3799 0000 0100
3802 0000 0100
3804 0000 0100
3804 0000 0100
3803 0000 0100
3804 0000 0100
3803 0000 0100
3804 0000 0100
3801 0000 0100
3806 0000 0100
3803 0000 0100
3804 0000 0100
3802 0000 0100
3803 0000 0100
3805 0000 0100
3802 0000 0100
3801 0000 0100
3809 0000 0100
3802 0000 0100
3800 0000 0100
3802 0000 0100
3803 0000 0100
3802 0000 0100
3800 0000 0100
3803 0000 0100
3801 0000 0100
3801 0000 0100
3804 0000 0100
3802 0000 0100
3801 0000 0100
3801 0000 0100
3805 0000 0100
3806 0000 0100
3802 0000 0100
3803 0000 0100
3801 0000 0100
3804 0000 0100
3807 0000 0100
3801 0000 0100
3800 0000 0100
3796 0000 0100
3804 0000 0100
3801 0000 0100
3799 0000 0100
3802 0000 0100
3805 0000 0100
3803 0000 0100
3801 0000 0100
3801 0000 0100
3802 0000 0100
3806 0000 0100
3804 0000 0100
3800 0000 0100
3801 0000 0100
3801 0000 0100
3804 0000 0100
3801 0000 0100
3805 0000 0100
3802 0000 0100
3804 0000 0100
3804 0000 0100
3802 0000 0100
3804 0000 0100
3801 0000 0100
3805 0000 0100
3799 0000 0100
3803 0000 0100
3801 0000 0100
3800 0000 0100
3803 0000 0100
3802 0000 0100
3803 0000 0100
3802 0000 0100
3804 0000 0100
3803 0000 0100
3802 0000 0100
3803 0000 0100
3801 0000 0100
3806 0000 0100
3803 0000 0100
3801 0000 0100
3803 0000 0100
3804 0000 0100
3801 0000 0100
3799 0000 0100
3805 0000 0100
3800 0000 0100
3806 0000 0100
3800 0000 0100
3804 0000 0100
3800 0000 0100
3802 0000 0100
3802 0000 0100
3804 0000 0100
3799 0000 0100
3801 0000 0100
3802 0000 0100
3801 0000 0100
3802 0000 0100
3803 0000 0100
3804 0000 0100
3801 0000 0100
3802 0000 0100
3807 0000 0100
3802 0000 0100
3803 0000 0100
3803 0000 0100
3806 0000 0100
