28.948799 77.680000 0000 0100
28.948799 82.154297 0000 0100
28.895100 82.154297 0000 0100
28.895100 82.164413 0000 0100
28.948799 82.164413 0000 0100
28.877201 82.154297 0000 0100
28.877201 82.164413 0000 0100
28.948799 82.164413 0000 0100
28.877201 82.154297 0000 0100
28.787701 82.164413 0000 0100
28.966702 82.174545 0000 0100
28.930901 82.144180 0000 0100
28.895100 82.154297 0000 0100
28.913002 82.154297 0000 0100
28.841400 82.164413 0000 0100
28.895100 82.164413 0000 0100
28.948799 82.164413 0000 0100
28.930901 82.164413 0000 0100
28.913002 82.154297 0000 0100
28.913002 82.164413 0000 0100
28.930901 82.164413 0000 0100
28.930901 82.154297 0000 0100
28.930901 82.154297 0000 0100
28.948799 82.154297 0000 0100
28.930901 82.154297 0000 0100
28.930901 82.154297 0000 0100
28.930901 82.164413 0000 0100
28.913002 82.154297 0000 0100
28.930901 82.164413 0000 0100
28.913002 82.154297 0000 0100
28.913002 82.164413 0000 0100
28.930901 82.154297 0000 0100
28.930901 82.164413 0000 0100
28.966702 82.154297 0000 0100
28.913002 82.154297 0000 0100
28.913002 82.164413 0000 0100
28.930901 82.164413 0000 0100
28.913002 82.154297 0000 0100
28.895100 82.154297 0000 0100
28.930901 82.164413 0000 0100
28.930901 82.154297 0000 0100
28.948799 82.154297 0000 0100
28.913002 82.154297 0000 0100
28.913002 82.154297 0000 0100
28.948799 82.154297 0000 0100
28.930901 82.154297 0000 0100
28.930901 82.154297 0000 0100
28.930901 82.154297 0000 0100
28.913002 82.154297 0000 0100
28.895100 82.154297 0000 0100
28.913002 82.164413 0000 0100
28.913002 82.154297 0000 0100
28.930901 82.164413 0000 0100
28.930901 82.164413 0000 0100
28.948799 82.154297 0000 0100
28.948799 82.164413 0000 0100
28.966702 82.154297 0000 0100
28.948799 82.154297 0000 0100
28.913002 82.154297 0000 0100
28.913002 82.154297 0000 0100
28.948799 82.154297 0000 0100
28.930901 82.154297 0000 0100
28.913002 82.154297 0000 0100
28.895100 82.164413 0000 0100
28.913002 82.164413 0000 0100
28.966702 82.154297 0000 0100
28.895100 82.154297 0000 0100
28.930901 82.164413 0000 0100
28.966702 82.154297 0000 0100
28.913002 82.154297 0000 0100
28.913002 82.164413 0000 0100
28.948799 82.154297 0000 0100
28.930901 82.164413 0000 0100
28.895100 82.164413 0000 0100
28.895100 82.154297 0000 0100
28.948799 82.164413 0000 0100
28.948799 82.154297 0000 0100
28.913002 82.154297 0000 0100
28.895100 82.154297 0000 0100
28.948799 82.154297 0000 0100
28.930901 82.154297 0000 0100
28.930901 82.154297 0000 0100
28.930901 82.154297 0000 0100
28.930901 82.154297 0000 0100
28.913002 82.164413 0000 0100
28.930901 82.164413 0000 0100
28.930901 82.154297 0000 0100
28.930901 82.154297 0000 0100
28.930901 82.154297 0000 0100
28.913002 82.154297 0000 0100
28.913002 82.154297 0000 0100
28.930901 82.164413 0000 0100
28.930901 82.164413 0000 0100
28.930901 82.164413 0000 0100
28.930901 82.164413 0000 0100
28.930901 82.154297 0000 0100
28.913002 82.154297 0000 0100
28.948799 82.154297 0000 0100
28.913002 82.154297 0000 0100
28.930901 82.164413 0000 0100
28.913002 82.164413 0000 0100
28.930901 82.164413 0000 0100
28.877201 82.154297 0000 0100
28.930901 82.164413 0000 0100
28.930901 82.154297 0000 0100
28.930901 82.154297 0000 0100
28.930901 82.154297 0000 0100
28.930901 82.154297 0000 0100
28.930901 82.154297 0000 0100
28.913002 82.164413 0000 0100
28.913002 82.164413 0000 0100
28.895100 82.164413 0000 0100
28.930901 82.164413 0000 0100
28.930901 82.154297 0000 0100
28.930901 82.164413 0000 0100
28.930901 82.154297 0000 0100
28.930901 82.164413 0000 0100
28.948799 82.164413 0000 0100
28.948799 82.154297 0000 0100
28.930901 82.154297 0000 0100
28.895100 82.154297 0000 0100
28.930901 82.164413 0000 0100
28.948799 82.154297 0000 0100
28.913002 82.154297 0000 0100
28.913002 82.164413 0000 0100
28.895100 82.164413 0000 0100
28.930901 82.164413 0000 0100
28.913002 82.154297 0000 0100
28.895100 82.164413 0000 0100
28.948799 82.164413 0000 0100
28.930901 82.154297 0000 0100
28.930901 82.154297 0000 0100
28.913002 82.154297 0000 0100
28.913002 82.154297 0000 0100
28.948799 82.154297 0000 0100
28.913002 82.154297 0000 0100
28.895100 82.164413 0000 0100
28.930901 82.164413 0000 0100
28.948799 82.154297 0000 0100
28.913002 82.154297 0000 0100
28.948799 82.154297 0000 0100
28.913002 82.154297 0000 0100
28.930901 82.164413 0000 0100
28.913002 82.154297 0000 0100
28.913002 82.164413 0000 0100
28.913002 82.164413 0000 0100
28.913002 82.154297 0000 0100
28.948799 82.164413 0000 0100
28.948799 82.154297 0000 0100
28.913002 82.154297 0000 0100
28.913002 82.164413 0000 0100
28.948799 82.154297 0000 0100
28.913002 82.164413 0000 0100
28.930901 82.154297 0000 0100
28.930901 82.164413 0000 0100
28.930901 82.164413 0000 0100
28.948799 82.154297 0000 0100
28.948799 82.154297 0000 0100
28.930901 82.154297 0000 0100
28.948799 82.154297 0000 0100
28.930901 82.154297 0000 0100
28.895100 82.154297 0000 0100
28.895100 82.164413 0000 0100
28.966702 82.164413 0000 0100
28.930901 82.154297 0000 0100
28.913002 82.164413 0000 0100
28.895100 82.164413 0000 0100
28.913002 82.164413 0000 0100
28.930901 82.154297 0000 0100
28.913002 82.154297 0000 0100
28.930901 82.154297 0000 0100
28.948799 82.154297 0000 0100
28.930901 82.154297 0000 0100
28.913002 82.154297 0000 0100
28.930901 82.164413 0000 0100
28.913002 82.154297 0000 0100
28.877201 82.154297 0000 0100
28.895100 82.164413 0000 0100
28.930901 82.164413 0000 0100
28.948799 82.164413 0000 0100
28.948799 82.154297 0000 0100
28.913002 82.154297 0000 0100
28.913002 82.164413 0000 0100
28.913002 82.164413 0000 0100
28.948799 82.154297 0000 0100
28.895100 82.154297 0000 0100
28.913002 82.154297 0000 0100
28.895100 82.154297 0000 0100
28.948799 82.164413 0000 0100
28.930901 82.154297 0000 0100
28.930901 82.164413 0000 0100
28.930901 82.164413 0000 0100
28.930901 82.154297 0000 0100
28.930901 82.154297 0000 0100
28.930901 82.154297 0000 0100
28.913002 82.154297 0000 0100
28.895100 82.154297 0000 0100
28.930901 82.164413 0000 0100
28.948799 82.164413 0000 0100
28.913002 82.154297 0000 0100
28.913002 82.164413 0000 0100
28.948799 82.164413 0000 0100
28.930901 82.154297 0000 0100
28.930901 82.154297 0000 0100
28.930901 82.154297 0000 0100
28.913002 82.154297 0000 0100
28.913002 82.164413 0000 0100
28.930901 82.164413 0000 0100
28.913002 82.154297 0000 0100
28.913002 82.164413 0000 0100
28.913002 82.164413 0000 0100
28.948799 82.164413 0000 0100
28.930901 82.154297 0000 0100
28.930901 82.154297 0000 0100
28.913002 82.164413 0000 0100
28.930901 82.154297 0000 0100
28.930901 82.154297 0000 0100
28.930901 82.154297 0000 0100
28.930901 82.164413 0000 0100
28.913002 82.164413 0000 0100
28.930901 82.154297 0000 0100
28.930901 82.164413 0000 0100
28.948799 82.154297 0000 0100
28.930901 82.154297 0000 0100
28.930901 82.154297 0000 0100
28.930901 82.154297 0000 0100
28.930901 82.154297 0000 0100
28.930901 82.164413 0000 0100
28.948799 82.164413 0000 0100
28.913002 82.154297 0000 0100
28.930901 82.164413 0000 0100
28.913002 82.154297 0000 0100
28.930901 82.154297 0000 0100
28.913002 82.164413 0000 0100
28.948799 82.164413 0000 0100
28.948799 82.154297 0000 0100
28.930901 82.154297 0000 0100
28.948799 82.154297 0000 0100
28.930901 82.154297 0000 0100
28.930901 82.154297 0000 0100
28.930901 82.154297 0000 0100
28.930901 82.164413 0000 0100
28.930901 82.154297 0000 0100
28.948799 82.154297 0000 0100
28.930901 82.154297 0000 0100
28.895100 82.154297 0000 0100
28.930901 82.164413 0000 0100
28.930901 82.154297 0000 0100
28.930901 82.154297 0000 0100
28.930901 82.164413 0000 0100
28.966702 82.154297 0000 0100
28.930901 82.154297 0000 0100
28.930901 82.154297 0000 0100
28.913002 82.164413 0000 0100
28.930901 82.164413 0000 0100
28.913002 82.164413 0000 0100
28.930901 82.164413 0000 0100
28.895100 82.164413 0000 0100
28.930901 82.164413 0000 0100
28.930901 82.154297 0000 0100
28.930901 82.164413 0000 0100
28.966702 82.154297 0000 0100
28.913002 82.154297 0000 0100
28.930901 82.164413 0000 0100
28.930901 82.154297 0000 0100
28.913002 82.154297 0000 0100
28.930901 82.164413 0000 0100
28.895100 82.154297 0000 0100
28.930901 82.154297 0000 0100
28.913002 82.154297 0000 0100
28.930901 82.164413 0000 0100
28.930901 82.164413 0000 0100
28.895100 82.154297 0000 0100
28.930901 82.164413 0000 0100
28.930901 82.164413 0000 0100
28.930901 82.154297 0000 0100
28.930901 82.154297 0000 0100
28.930901 82.154297 0000 0100
28.930901 82.154297 0000 0100
28.913002 82.164413 0000 0100
28.948799 82.164413 0000 0100
28.930901 82.154297 0000 0100
28.895100 82.164413 0000 0100
28.930901 82.164413 0000 0100
28.930901 82.154297 0000 0100
28.930901 82.154297 0000 0100
28.930901 82.164413 0000 0100
28.948799 82.154297 0000 0100
28.913002 82.154297 0000 0100
28.913002 82.154297 0000 0100
28.913002 82.164413 0000 0100
28.913002 82.154297 0000 0100
28.930901 82.164413 0000 0100
28.930901 82.154297 0000 0100
28.948799 82.164413 0000 0100
28.948799 82.154297 0000 0100
28.948799 82.154297 0000 0100
28.930901 82.154297 0000 0100
28.948799 82.154297 0000 0100
28.930901 82.154297 0000 0100
28.930901 82.164413 0000 0100
28.895100 82.154297 0000 0100
28.913002 82.164413 0000 0100
28.913002 82.154297 0000 0100
28.930901 82.164413 0000 0100
28.948799 82.164413 0000 0100
28.930901 82.154297 0000 0100
28.930901 82.154297 0000 0100
28.948799 82.154297 0000 0100
28.930901 82.154297 0000 0100
28.930901 82.154297 0000 0100
28.895100 82.164413 0000 0100
28.930901 82.154297 0000 0100
28.913002 82.154297 0000 0100
28.930901 82.154297 0000 0100
28.948799 82.154297 0000 0100
28.948799 82.154297 0000 0100
28.913002 82.154297 0000 0100
28.930901 82.154297 0000 0100
28.948799 82.154297 0000 0100
28.913002 82.154297 0000 0100
28.913002 82.164413 0000 0100
28.930901 82.164413 0000 0102
28.913002 82.164413 0000 0102
28.895100 82.164413 0000 0102
28.913002 82.164413 0000 0102
28.930901 82.164413 0000 0102
28.948799 82.154297 0000 0102
28.913002 82.154297 0000 0102
28.930901 82.154297 0000 0102
28.930901 82.154297 0000 0102
28.913002 82.154297 0000 0102
28.913002 82.154297 0000 0102
28.930901 82.164413 0000 0102
28.948799 82.154297 0000 0102
28.930901 82.164413 0000 0102
28.930901 82.154297 0000 0102
28.877201 82.154297 0000 0102
28.948799 82.164413 0000 0102
28.913002 82.154297 0000 0102
28.930901 82.194839 0000 0102
28.895100 82.225342 0000 0102
28.913002 82.245728 0000 0102
28.895100 82.286606 0000 0102
28.895100 82.348213 0000 0102
28.930901 82.430878 0000 0102
28.895100 82.524590 0000 0102
28.913002 82.587494 0000 0102
28.877201 82.661301 0000 0102
28.913002 82.746223 0000 0102
28.895100 82.863968 0000 0102
28.859299 82.939491 0000 0102
28.841400 83.080971 0000 0102
28.841400 83.179848 0000 0102
28.859299 83.290604 0000 0102
28.859299 83.379883 0000 0102
28.877201 83.560249 0000 0102
28.859299 83.697105 0000 0102
28.859299 83.846893 0000 0102
28.841400 83.974876 0000 0102
28.841400 84.080437 0000 0102
28.877201 84.258064 0000 0102
28.877201 84.329704 0000 0102
28.841400 84.510292 0000 0102
28.877201 84.692993 0000 0102
28.877201 84.853050 0000 0102
28.895100 84.989716 0000 0102
28.895100 85.177917 0000 0102
28.895100 85.393768 0000 0102
28.859299 85.560661 0000 0102
28.895100 85.781311 0000 0102
28.877201 85.978249 0000 0102
28.895100 86.257523 0000 0102
28.913002 86.418968 0000 0102
28.930901 86.595398 0000 0102
28.948799 86.773407 0000 0102
28.930901 87.022514 0000 0102
28.913002 87.204323 0000 0102
28.913002 87.387711 0000 0102
28.930901 87.615608 0000 0102
28.913002 87.845909 0000 0102
28.913002 88.020210 0000 0102
28.948799 88.195869 0000 0102
28.930901 88.402519 0000 0102
28.966702 88.566177 0000 0102
28.930901 88.791176 0000 0102
28.930901 88.942352 0000 0102
28.966702 89.109726 0000 0102
28.930901 89.309006 0000 0102
28.913002 89.463379 0000 0102
28.930901 89.603119 0000 0102
28.930901 89.759277 0000 0102
28.930901 89.900620 0000 0102
28.948799 90.011086 0000 0102
28.930901 90.185600 0000 0102
28.930901 90.297241 0000 0102
28.930901 90.473618 0000 0102
28.966702 90.634949 0000 0102
28.930901 90.732193 0000 0102
28.930901 90.846077 0000 0102
28.930901 90.976799 0000 0102
28.930901 91.075226 0000 0102
28.913002 91.173996 0000 0102
28.930901 91.339371 0000 0102
28.930901 91.472343 0000 0102
28.930901 91.589188 0000 0102
28.930901 91.706497 0000 0102
28.930901 91.740097 0000 0102
28.948799 91.874870 0000 0102
28.930901 92.027214 0000 0102
28.948799 92.146233 0000 0102
28.913002 92.231522 0000 0102
28.913002 92.351334 0000 0102
28.895100 92.488815 0000 0102
28.913002 92.626900 0000 0102
28.895100 92.782967 0000 0102
28.930901 92.835159 0000 0102
28.913002 92.939796 0000 0102
28.930901 93.079834 0000 0102
28.859299 93.185265 0000 0102
28.895100 93.344040 0000 0100
28.930901 93.485809 0000 0100
28.913002 93.592529 0000 0100
28.913002 93.699593 0000 0100
28.930901 93.806992 0000 0100
28.895100 93.968727 0000 0100
28.895100 94.131226 0000 0100
28.877201 94.221825 0000 0100
28.877201 94.403740 0000 0100
28.895100 94.549950 0000 0100
28.913002 94.733551 0000 0100
28.930901 94.844170 0000 0100
28.859299 95.047844 0000 0100
28.877201 95.140793 0000 0100
28.913002 95.308708 0000 0100
28.895100 95.496170 0000 0100
28.913002 95.609093 0000 0100
28.895100 95.760193 0000 0100
28.895100 95.968933 0000 0100
28.895100 96.083267 0000 0100
28.895100 96.140564 0000 0100
28.930901 96.217087 0000 0100
28.913002 96.255409 0000 0100
28.913002 96.351372 0000 0100
28.930901 96.428307 0000 0100
28.930901 96.466835 0000 0100
28.930901 96.524696 0000 0100
28.948799 96.563316 0000 0100
28.948799 96.601974 0000 0100
28.930901 96.621315 0000 0100
28.948799 96.660027 0000 0100
28.984600 96.660027 0000 0100
29.002502 96.679398 0000 0100
29.020401 96.679398 0000 0100
29.020401 96.698776 0000 0100
29.020401 96.698776 0000 0100
29.038300 96.698776 0000 0100
29.038300 96.698776 0000 0100
29.002502 96.679398 0000 0100
28.984600 96.718170 0000 0100
28.984600 96.718170 0000 0100
28.984600 96.718170 0000 0100
28.984600 96.718170 0000 0100
28.966702 96.718170 0000 0100
28.948799 96.718170 0000 0100
28.966702 96.718170 0000 0100
28.930901 96.679398 0000 0100
28.930901 96.679398 0000 0100
28.948799 96.679398 0000 0100
28.930901 96.660027 0000 0100
28.948799 96.640671 0000 0100
28.966702 96.621315 0000 0100
28.930901 96.601974 0000 0100
28.948799 96.582642 0000 0100
28.930901 96.543999 0000 0100
28.948799 96.486115 0000 0100
28.930901 96.447571 0000 0100
28.930901 96.428307 0000 0100
28.913002 96.428307 0000 0100
28.948799 96.409058 0000 0100
28.966702 96.389816 0000 0100
28.948799 96.370590 0000 0100
28.948799 96.370590 0000 0100
28.930901 96.332161 0000 0100
28.913002 96.332161 0000 0100
28.948799 96.332161 0000 0100
28.930901 96.312958 0000 0100
28.913002 96.332161 0000 0100
28.913002 96.332161 0000 0100
28.948799 96.332161 0000 0100
28.930901 96.312958 0000 0100
28.948799 96.312958 0000 0100
28.913002 96.293762 0000 0100
28.930901 96.312958 0000 0100
28.895100 96.312958 0000 0100
28.948799 96.332161 0000 0100
28.930901 96.293762 0000 0100
28.895100 96.312958 0000 0100
28.930901 96.332161 0000 0100
28.930901 96.312958 0000 0100
28.913002 96.312958 0000 0100
28.930901 96.332161 0000 0100
28.913002 96.312958 0000 0100
28.930901 96.332161 0000 0100
28.930901 96.312958 0000 0100
28.895100 96.312958 0000 0100
28.895100 96.332161 0000 0100
28.913002 96.312958 0000 0100
28.930901 96.312958 0000 0100
28.895100 96.274582 0000 0100
28.913002 96.293762 0000 0100
28.877201 96.293762 0000 0100
28.930901 96.312958 0000 0100
28.930901 96.274582 0000 0100
28.930901 96.274582 0000 0100
28.930901 96.274582 0000 0100
28.930901 96.274582 0000 0100
28.930901 96.274582 0000 0100
28.913002 96.274582 0000 0100
28.913002 96.293762 0000 0100
28.913002 96.293762 0000 0100
28.930901 96.293762 0000 0100
28.930901 96.274582 0000 0100
28.913002 96.274582 0000 0100
28.913002 96.293762 0000 0100
28.930901 96.293762 0000 0100
28.930901 96.274582 0000 0100
28.930901 96.293762 0000 0100
28.948799 96.293762 0000 0100
28.948799 96.274582 0000 0100
28.930901 96.255409 0000 0100
28.966702 96.274582 0000 0100
28.948799 96.274582 0000 0100
28.930901 96.274582 0000 0100
28.948799 96.274582 0000 0100
28.948799 96.274582 0000 0100
28.930901 96.274582 0000 0100
28.948799 96.293762 0000 0100
28.966702 96.274582 0000 0100
28.966702 96.274582 0000 0100
28.930901 96.274582 0000 0100
28.930901 96.274582 0000 0100
28.930901 96.293762 0000 0100
28.930901 96.293762 0000 0100
28.948799 96.274582 0000 0100
28.930901 96.274582 0000 0100
28.930901 96.274582 0000 0100
28.913002 96.274582 0000 0100
28.930901 96.274582 0000 0100
28.948799 96.274582 0000 0100
28.930901 96.274582 0000 0100
28.948799 96.293762 0000 0100
28.930901 96.274582 0000 0100
28.930901 96.293762 0000 0100
28.930901 96.293762 0000 0100
28.930901 96.274582 0000 0100
28.930901 96.274582 0000 0100
28.913002 96.274582 0000 0100
28.948799 96.274582 0000 0100
28.930901 96.274582 0000 0100
28.913002 96.274582 0000 0100
28.930901 96.274582 0000 0100
28.966702 96.274582 0000 0100
28.930901 96.255409 0000 0102
28.930901 96.274582 0000 0102
28.930901 96.274582 0000 0102
28.948799 96.274582 0000 0102
28.930901 96.255409 0000 0102
28.930901 96.274582 0000 0102
28.930901 96.274582 0000 0102
28.913002 96.274582 0000 0102
28.913002 96.293762 0000 0102
28.913002 96.274582 0000 0102
28.913002 96.293762 0000 0102
28.930901 96.293762 0000 0102
28.930901 96.274582 0000 0102
28.895100 96.274582 0000 0102
28.913002 96.274582 0000 0102
28.930901 96.312958 0000 0102
28.913002 96.370590 0000 0102
28.913002 96.428307 0000 0102
28.913002 96.447571 0000 0102
28.895100 96.486115 0000 0102
28.895100 96.601974 0000 0102
28.913002 96.698776 0000 0102
28.913002 96.737572 0000 0102
28.859299 96.834709 0000 0102
28.859299 96.971092 0000 0102
28.859299 97.088364 0000 0102
28.841400 97.166733 0000 0102
28.859299 97.343613 0000 0102
28.805599 97.481705 0000 0102
28.805599 97.600449 0000 0102
28.805599 97.719521 0000 0102
28.805599 97.858871 0000 0102
28.805599 98.078773 0000 0102
28.805599 98.259544 0000 0102
28.859299 98.461288 0000 0102
28.841400 98.582794 0000 0102
28.841400 98.826805 0000 0102
28.859299 98.990234 0000 0102
28.859299 99.113205 0000 0102
28.859299 99.318901 0000 0102
28.859299 99.546249 0000 0102
28.859299 99.712311 0000 0102
28.859299 99.983444 0000 0102
28.859299 100.151077 0000 0102
28.895100 100.340393 0000 0102
28.913002 100.572815 0000 0102
28.913002 100.742561 0000 0102
28.913002 100.934242 0000 0102
28.913002 101.126686 0000 0102
28.930901 101.406006 0000 0102
28.930901 101.600311 0000 0102
28.930901 101.751968 0000 0102
28.930901 102.078491 0000 0102
28.966702 102.341225 0000 0102
28.984600 102.429108 0000 0102
28.948799 102.627388 0000 0102
28.930901 102.915138 0000 0102
28.930901 103.070740 0000 0102
28.984600 103.226807 0000 0102
28.948799 103.405724 0000 0102
28.948799 103.675232 0000 0102
28.930901 103.855652 0000 0102
28.966702 103.991364 0000 0102
28.948799 104.150131 0000 0102
28.930901 104.332130 0000 0102
28.930901 104.446182 0000 0102
28.966702 104.606262 0000 0102
28.948799 104.789764 0000 0102
28.948799 104.904770 0000 0102
28.930901 104.973877 0000 0102
28.913002 105.181717 0000 0102
28.930901 105.297516 0000 0102
28.930901 105.390320 0000 0102
28.930901 105.553093 0000 0102
28.930901 105.623001 0000 0102
28.913002 105.716324 0000 0102
28.948799 105.856613 0000 0102
28.966702 105.880020 0000 0102
28.930901 105.926880 0000 0102
28.913002 106.067665 0000 0102
28.930901 106.208794 0000 0102
28.966702 106.326660 0000 0102
28.930901 106.444763 0000 0102
28.913002 106.539406 0000 0102
28.948799 106.634201 0000 0102
28.913002 106.705399 0000 0102
28.913002 106.871857 0000 0102
28.930901 107.014908 0000 0102
28.948799 107.062668 0000 0102
28.948799 107.134369 0000 0102
28.930901 107.302017 0000 0102
28.930901 107.470116 0000 0102
28.913002 107.566376 0000 0102
28.948799 107.686920 0000 0102
28.948799 107.783524 0000 0102
28.913002 107.904495 0000 0102
28.913002 108.001434 0000 0102
28.930901 108.147133 0000 0102
28.930901 108.293167 0000 0100
28.930901 108.415123 0000 0100
28.913002 108.488403 0000 0100
28.913002 108.659729 0000 0100
28.948799 108.757843 0000 0100
28.930901 108.905281 0000 0100
28.930901 109.102402 0000 0100
28.877201 109.225906 0000 0100
28.895100 109.424004 0000 0100
28.913002 109.498444 0000 0100
28.913002 109.622696 0000 0100
28.895100 109.821999 0000 0100
28.913002 110.021896 0000 0100
28.930901 110.097015 0000 0100
28.895100 110.197311 0000 0100
28.895100 110.373177 0000 0100
28.913002 110.499077 0000 0100
28.913002 110.599960 0000 0100
28.948799 110.751587 0000 0100
28.930901 110.878189 0000 0100
28.913002 110.928894 0000 0100
28.913002 111.081253 0000 0100
28.930901 111.132111 0000 0100
28.948799 111.157547 0000 0100
28.948799 111.208466 0000 0100
28.966702 111.259422 0000 0100
28.930901 111.310410 0000 0100
28.948799 111.386963 0000 0100
28.984600 111.412506 0000 0100
28.984600 111.463608 0000 0100
29.002502 111.489174 0000 0100
28.984600 111.514748 0000 0100
28.966702 111.540329 0000 0100
29.020401 111.565926 0000 0100
29.002502 111.540329 0000 0100
29.038300 111.591530 0000 0100
29.056202 111.565926 0000 0100
29.020401 111.540329 0000 0100
29.020401 111.591530 0000 0100
29.002502 111.565926 0000 0100
28.984600 111.591530 0000 0100
29.020401 111.565926 0000 0100
28.966702 111.514748 0000 0100
28.984600 111.540329 0000 0100
28.984600 111.514748 0000 0100
28.966702 111.489174 0000 0100
28.966702 111.489174 0000 0100
28.948799 111.463608 0000 0100
28.966702 111.463608 0000 0100
28.948799 111.412506 0000 0100
28.966702 111.386963 0000 0100
28.948799 111.335922 0000 0100
28.966702 111.284912 0000 0100
28.948799 111.259422 0000 0100
28.913002 111.208466 0000 0100
28.930901 111.183006 0000 0100
28.966702 111.157547 0000 0100
28.948799 111.106674 0000 0100
28.930901 111.081253 0000 0100
28.948799 111.055832 0000 0100
28.930901 111.005035 0000 0100
28.930901 110.954269 0000 0100
28.930901 110.954269 0000 0100
28.913002 110.903542 0000 0100
28.948799 110.928894 0000 0100
28.948799 110.878189 0000 0100
28.948799 110.878189 0000 0100
28.930901 110.852844 0000 0100
28.930901 110.878189 0000 0100
28.930901 110.903542 0000 0100
28.930901 110.878189 0000 0100
28.930901 110.878189 0000 0100
28.913002 110.878189 0000 0100
28.930901 110.903542 0000 0100
28.930901 110.878189 0000 0100
28.913002 110.878189 0000 0100
28.930901 110.878189 0000 0100
28.895100 110.878189 0000 0100
28.930901 110.903542 0000 0100
28.930901 110.878189 0000 0100
28.930901 110.878189 0000 0100
28.913002 110.903542 0000 0100
28.930901 110.903542 0000 0100
28.913002 110.903542 0000 0100
28.930901 110.903542 0000 0100
28.895100 110.903542 0000 0100
28.913002 110.903542 0000 0100
28.930901 110.903542 0000 0100
28.913002 110.903542 0000 0100
28.930901 110.878189 0000 0100
28.895100 110.878189 0000 0100
28.930901 110.903542 0000 0100
28.948799 110.852844 0000 0100
28.930901 110.852844 0000 0100
28.913002 110.852844 0000 0100
28.913002 110.878189 0000 0100
28.930901 110.878189 0000 0100
28.930901 110.878189 0000 0100
28.930901 110.878189 0000 0100
28.913002 110.903542 0000 0100
28.913002 110.878189 0000 0100
28.930901 110.878189 0000 0100
28.948799 110.878189 0000 0100
28.930901 110.878189 0000 0100
28.913002 110.903542 0000 0100
28.930901 110.903542 0000 0100
28.948799 110.903542 0000 0100
28.930901 110.878189 0000 0100
28.948799 110.903542 0000 0100
28.913002 110.878189 0000 0100
28.948799 110.928894 0000 0100
28.930901 110.878189 0000 0100
28.930901 110.903542 0000 0100
28.913002 110.903542 0000 0100
28.930901 110.903542 0000 0100
28.966702 110.903542 0000 0100
28.948799 110.878189 0000 0100
28.948799 110.878189 0000 0100
28.966702 110.903542 0000 0100
28.966702 110.903542 0000 0100
28.948799 110.903542 0000 0100
28.948799 110.903542 0000 0100
28.930901 110.903542 0000 0100
28.930901 110.928894 0000 0100
28.930901 110.903542 0000 0100
28.948799 110.928894 0000 0100
28.930901 110.903542 0000 0100
28.966702 110.928894 0000 0100
28.930901 110.903542 0000 0100
28.930901 110.928894 0000 0100
28.948799 110.928894 0000 0100
28.930901 110.928894 0000 0100
28.930901 110.954269 0000 0100
28.948799 110.954269 0000 0100
28.913002 110.903542 0000 0100
28.948799 110.954269 0000 0100
28.948799 110.928894 0000 0100
28.930901 110.903542 0000 0100
28.930901 110.928894 0000 0100
28.930901 110.903542 0000 0100
28.930901 110.954269 0000 0100
28.930901 110.928894 0000 0100
28.930901 110.903542 0000 0100
28.913002 110.878189 0000 0100
28.930901 110.903542 0000 0100
28.913002 110.903542 0000 0100
28.930901 110.928894 0000 0100
28.930901 110.928894 0000 0100
28.948799 110.903542 0000 0100
28.930901 110.903542 0000 0100
28.930901 110.928894 0000 0100
28.930901 110.928894 0000 0100
28.913002 110.903542 0000 0100
28.948799 110.954269 0000 0100
28.930901 110.903542 0000 0100
28.913002 110.928894 0000 0100
28.948799 110.954269 0000 0100
28.930901 110.903542 0000 0100
28.948799 110.903542 0000 0100
28.930901 110.903542 0000 0100
28.913002 110.903542 0000 0100
28.913002 110.928894 0000 0100
28.948799 110.903542 0000 0100
28.930901 110.878189 0000 0100
28.930901 110.903542 0000 0100
28.913002 110.903542 0000 0100
28.930901 110.903542 0000 0100
28.930901 110.903542 0000 0100
28.930901 110.903542 0000 0100
28.930901 110.903542 0000 0100
28.913002 110.903542 0000 0100
28.948799 110.903542 0000 0100
28.948799 110.903542 0000 0100
28.913002 110.903542 0000 0100
28.877201 110.928894 0000 0100
28.948799 110.979645 0000 0100
28.930901 110.903542 0000 0100
28.930901 110.928894 0000 0100
28.966702 110.954269 0000 0100
28.948799 110.903542 0000 0100
28.930901 110.928894 0000 0100
28.930901 110.928894 0000 0100
28.913002 110.954269 0000 0100
28.948799 110.954269 0000 0100
28.948799 110.928894 0000 0100
28.948799 110.903542 0000 0100
28.930901 110.928894 0000 0100
28.966702 110.954269 0000 0100
28.966702 110.903542 0000 0100
28.948799 110.903542 0000 0100
28.966702 110.928894 0000 0100
28.930901 110.903542 0000 0100
28.930901 110.928894 0000 0100
28.966702 110.928894 0000 0100
28.948799 110.903542 0000 0100
28.948799 110.903542 0000 0100
28.930901 110.928894 0000 0100
28.930901 110.928894 0000 0100
28.948799 110.928894 0000 0100
28.913002 110.903542 0000 0100
28.930901 110.954269 0000 0100
28.930901 110.928894 0000 0100
28.948799 110.928894 0000 0100
28.930901 110.928894 0000 0100
28.930901 110.954269 0000 0100
28.930901 110.928894 0000 0100
28.913002 110.928894 0000 0100
28.913002 110.954269 0000 0100
28.930901 110.954269 0000 0100
28.930901 110.928894 0000 0100
28.930901 110.928894 0000 0100
28.930901 110.903542 0000 0100
28.895100 110.903542 0000 0100
28.930901 110.903542 0000 0100
28.948799 110.903542 0000 0100
28.913002 110.903542 0000 0100
28.930901 110.928894 0000 0100
28.948799 110.903542 0000 0100
28.948799 110.903542 0000 0100
28.930901 110.903542 0000 0100
28.966702 110.903542 0000 0100
28.895100 110.878189 0000 0100
28.895100 110.954269 0000 0100
28.948799 110.954269 0000 0100
28.930901 110.903542 0000 0100
28.948799 110.928894 0000 0100
28.930901 110.903542 0000 0100
28.913002 110.928894 0000 0100
28.913002 110.928894 0000 0100
28.913002 110.928894 0000 0100
28.930901 110.928894 0000 0100
28.930901 110.928894 0000 0100
28.913002 110.928894 0000 0100
28.913002 110.928894 0000 0100
28.913002 110.928894 0000 0100
28.948799 110.928894 0000 0100
28.913002 110.903542 0000 0100
28.913002 110.954269 0000 0100
28.930901 110.928894 0000 0100
28.948799 110.903542 0000 0100
28.930901 110.903542 0000 0100
28.930901 110.903542 0000 0100
28.930901 110.928894 0000 0100
28.913002 110.928894 0000 0100
28.966702 110.954269 0000 0100
28.930901 110.878189 0000 0100
28.913002 110.928894 0000 0100
28.930901 110.954269 0000 0100
28.966702 110.928894 0000 0100
28.948799 110.903542 0000 0100
28.948799 110.903542 0000 0100
28.948799 110.903542 0000 0100
28.948799 110.903542 0000 0100
28.913002 110.928894 0000 0100
28.930901 110.928894 0000 0100
28.930901 110.928894 0000 0100
28.948799 110.928894 0000 0100
28.930901 110.928894 0000 0100
28.930901 110.928894 0000 0100
28.966702 110.954269 0000 0100
28.930901 110.903542 0000 0100
28.948799 110.954269 0000 0100
28.948799 110.928894 0000 0100
28.966702 110.903542 0000 0100
28.966702 110.903542 0000 0100
28.948799 110.903542 0000 0100
28.895100 110.903542 0000 0100
28.948799 110.954269 0000 0100
28.948799 110.903542 0000 0100
28.948799 110.903542 0000 0100
28.948799 110.903542 0000 0100
28.948799 110.903542 0000 0100
28.948799 110.928894 0000 0100
28.913002 110.903542 0000 0100
28.948799 110.954269 0000 0100
28.930901 110.903542 0000 0100
28.930901 110.928894 0000 0100
28.930901 110.928894 0000 0100
28.930901 110.928894 0000 0100
28.913002 110.928894 0000 0100
28.913002 110.928894 0000 0100
28.930901 110.954269 0000 0100
28.930901 110.928894 0000 0100
28.948799 110.928894 0000 0100
28.913002 110.903542 0000 0100
28.895100 110.928894 0000 0100
28.930901 110.954269 0000 0100
28.948799 110.928894 0000 0100
28.913002 110.903542 0000 0100
28.913002 110.928894 0000 0100
28.948799 110.928894 0000 0100
28.948799 110.903542 0000 0100
28.948799 110.903542 0000 0100
28.930901 110.903542 0000 0100
28.930901 110.928894 0000 0100
28.930901 110.928894 0000 0100
28.930901 110.903542 0000 0100
28.930901 110.903542 0000 0100
28.966702 110.903542 0000 0100
28.913002 110.903542 0000 0100
28.913002 110.928894 0000 0100
28.948799 110.928894 0000 0100
28.948799 110.903542 0000 0100
28.913002 110.903542 0000 0100
28.913002 110.954269 0000 0100
28.930901 110.928894 0000 0100
28.948799 110.903542 0000 0100
28.948799 110.903542 0000 0100
28.930901 110.903542 0000 0100
28.948799 110.928894 0000 0100
28.948799 110.928894 0000 0100
28.948799 110.928894 0000 0100
28.930901 110.903542 0000 0100
28.913002 110.928894 0000 0100
28.930901 110.954269 0000 0100
28.930901 110.903542 0000 0100
28.930901 110.903542 0000 0100
28.948799 110.903542 0000 0100
28.948799 110.903542 0000 0100
28.948799 110.903542 0000 0100
28.966702 110.903542 0000 0100
28.948799 110.903542 0000 0100
28.895100 110.903542 0000 0100
28.930901 110.954269 0000 0100
28.948799 110.928894 0000 0100
28.948799 110.903542 0000 0100
28.930901 110.903542 0000 0100
28.930901 110.928894 0000 0100
28.930901 110.928894 0000 0100
28.966702 110.903542 0000 0100
28.948799 110.903542 0000 0100
28.930901 110.903542 0000 0100
28.913002 110.928894 0000 0100
28.930901 110.954269 0000 0100
28.966702 110.903542 0000 0100
28.948799 110.928894 0000 0100
28.930901 110.903542 0000 0100
28.930901 110.928894 0000 0100
28.930901 110.928894 0000 0100
28.948799 110.928894 0000 0100
28.913002 110.903542 0000 0100
28.930901 110.954269 0000 0100
28.930901 110.928894 0000 0100
28.948799 110.928894 0000 0100
28.948799 110.903542 0000 0100
28.930901 110.903542 0000 0100
28.930901 110.928894 0000 0100
28.930901 110.928894 0000 0100
28.930901 110.928894 0000 0100
28.930901 110.928894 0000 0100
28.913002 110.928894 0000 0100
28.948799 110.928894 0000 0100
28.930901 110.928894 0000 0100
28.948799 110.928894 0000 0100
28.948799 110.903542 0000 0100
28.913002 110.903542 0000 0100
28.930901 110.954269 0000 0100
28.948799 110.928894 0000 0100
28.913002 110.928894 0000 0100
28.930901 110.954269 0000 0100
28.948799 110.928894 0000 0100
28.930901 110.903542 0000 0100
28.930901 110.903542 0000 0100
28.930901 110.928894 0000 0100
28.930901 110.903542 0000 0100
28.948799 110.903542 0000 0100
28.930901 110.903542 0000 0100
28.930901 110.928894 0000 0100
28.895100 110.928894 0000 0100
28.913002 110.954269 0000 0100
28.913002 110.928894 0000 0100
28.948799 110.954269 0000 0100
28.930901 110.903542 0000 0100
28.966702 110.928894 0000 0100
28.930901 110.903542 0000 0100
28.930901 110.928894 0000 0100
28.948799 110.903542 0000 0100
28.930901 110.903542 0000 0100
28.913002 110.954269 0000 0100
28.948799 110.954269 0000 0100
28.930901 110.928894 0000 0100
28.948799 110.928894 0000 0100
28.930901 110.903542 0000 0100
28.948799 110.928894 0000 0100
28.948799 110.903542 0000 0100
28.948799 110.903542 0000 0100
28.930901 110.903542 0000 0100
28.930901 110.928894 0000 0100
28.966702 110.928894 0000 0100
28.948799 110.903542 0000 0100
28.948799 110.928894 0000 0100
28.948799 110.903542 0000 0100
28.930901 110.928894 0000 0100
28.948799 110.928894 0000 0100
28.948799 110.928894 0000 0100
28.930901 110.928894 0000 0100
28.930901 110.954269 0000 0100
28.948799 110.928894 0000 0100
28.930901 110.903542 0000 0100
28.930901 110.928894 0000 0100
28.948799 110.954269 0000 0100
28.930901 110.903542 0000 0100
28.966702 110.928894 0000 0100
28.966702 110.903542 0000 0100
28.930901 110.903542 0000 0100
28.930901 110.928894 0000 0100
28.966702 110.928894 0000 0100
28.930901 110.903542 0000 0100
28.948799 110.928894 0000 0100
28.930901 110.903542 0000 0100
28.930901 110.928894 0000 0100
28.966702 110.903542 0000 0100
28.930901 110.903542 0000 0100
28.930901 110.903542 0000 0100
28.913002 110.903542 0000 0100
28.930901 110.928894 0000 0100
28.930901 110.903542 0000 0100
28.913002 110.928894 0000 0100
28.930901 110.928894 0000 0100
28.948799 110.903542 0000 0100
28.930901 110.928894 0000 0100
28.930901 110.928894 0000 0100
28.966702 110.928894 0000 0100
28.930901 110.878189 0000 0100
28.930901 110.928894 0000 0100
28.930901 110.903542 0000 0100
28.948799 110.928894 0000 0100
28.930901 110.903542 0000 0100
28.930901 110.928894 0000 0100
28.913002 110.928894 0000 0100
28.930901 110.928894 0000 0100
28.930901 110.928894 0000 0100
28.930901 110.903542 0000 0100
28.930901 110.928894 0000 0100
28.966702 110.928894 0000 0100
28.984600 110.878189 0000 0100
28.913002 110.878189 0000 0100
28.913002 110.954269 0000 0100
28.948799 110.928894 0000 0100
28.895100 110.903542 0000 0100
28.913002 110.928894 0000 0100
28.966702 110.928894 0000 0100
28.930901 110.903542 0000 0100
28.930901 110.903542 0000 0100
28.948799 110.928894 0000 0100
28.913002 110.903542 0000 0100
28.895100 110.954269 0000 0100
28.930901 110.954269 0000 0100
28.930901 110.928894 0000 0100
28.930901 110.928894 0000 0100
28.948799 110.928894 0000 0100
28.948799 110.903542 0000 0100
28.930901 110.928894 0000 0100
28.930901 110.928894 0000 0100
28.930901 110.903542 0000 0100
28.930901 110.928894 0000 0100
28.948799 110.928894 0000 0100
28.930901 110.903542 0000 0100
28.948799 110.928894 0000 0100
28.948799 110.903542 0000 0100
28.930901 110.903542 0000 0100
28.948799 110.928894 0000 0100
28.930901 110.928894 0000 0100
28.930901 110.928894 0000 0100
28.913002 110.928894 0000 0100
28.948799 110.928894 0000 0100
28.930901 110.903542 0000 0100
28.948799 110.954269 0000 0100
28.930901 110.903542 0000 0100
28.948799 110.928894 0000 0100
28.948799 110.928894 0000 0100
28.930901 110.903542 0000 0100
28.913002 110.928894 0000 0100
28.930901 110.954269 0000 0100
28.930901 110.928894 0000 0100
28.966702 110.928894 0000 0100
28.930901 110.903542 0000 0100
28.948799 110.928894 0000 0100
28.930901 110.928894 0000 0100
28.930901 110.928894 0000 0100
28.930901 110.928894 0000 0100
28.913002 110.928894 0000 0100
28.948799 110.928894 0000 0100
28.948799 110.928894 0000 0100
28.930901 110.903542 0000 0100
28.930901 110.928894 0000 0100
28.913002 110.954269 0000 0100
28.930901 110.954269 0000 0100
28.913002 110.928894 0000 0100
28.930901 110.928894 0000 0100
28.948799 110.954269 0000 0100
28.930901 110.903542 0000 0100
28.948799 110.928894 0000 0100
28.930901 110.903542 0000 0100
28.948799 110.928894 0000 0100
28.913002 110.903542 0000 0100
28.930901 110.954269 0000 0100
28.913002 110.928894 0000 0100
28.913002 110.954269 0000 0100
28.930901 110.928894 0000 0100
28.913002 110.903542 0000 0100
28.913002 110.928894 0000 0100
28.913002 110.928894 0000 0100
28.930901 110.928894 0000 0100
28.930901 110.928894 0000 0100
28.948799 110.928894 0000 0100
28.948799 110.903542 0000 0100
28.948799 110.903542 0000 0100
28.948799 110.903542 0000 0100
28.930901 110.903542 0000 0100
28.930901 110.928894 0000 0100
28.948799 110.928894 0000 0100
28.913002 110.903542 0000 0100
28.930901 110.928894 0000 0100
28.948799 110.954269 0000 0100
28.966702 110.903542 0000 0100
28.930901 110.903542 0000 0100
28.930901 110.928894 0000 0100
28.930901 110.928894 0000 0100
28.948799 110.928894 0000 0100
28.948799 110.928894 0000 0100
28.895100 110.928894 0000 0100
28.913002 110.954269 0000 0100
28.930901 110.954269 0000 0100
28.948799 110.928894 0000 0100
28.948799 110.903542 0000 0100
28.930901 110.903542 0000 0100
28.948799 110.928894 0000 0100
28.948799 110.928894 0000 0100
28.948799 110.903542 0000 0100
28.930901 110.928894 0000 0100
28.930901 110.954269 0000 0100
28.930901 110.928894 0000 0100
28.930901 110.928894 0000 0100
28.913002 110.928894 0000 0100
28.966702 110.954269 0000 0100
28.966702 110.903542 0000 0100
28.930901 110.903542 0000 0100
28.930901 110.928894 0000 0100
28.948799 110.954269 0000 0100
28.948799 110.928894 0000 0100
28.930901 110.928894 0000 0100
28.948799 110.954269 0000 0100
28.930901 110.928894 0000 0100
28.930901 110.928894 0000 0100
28.930901 110.928894 0000 0100
28.930901 110.928894 0000 0100
28.895100 110.928894 0000 0100
28.930901 110.954269 0000 0100
28.930901 110.928894 0000 0100
28.930901 110.928894 0000 0100
28.948799 110.928894 0000 0100
28.930901 110.903542 0000 0100
28.948799 110.928894 0000 0100
28.948799 110.903542 0000 0100
28.948799 110.903542 0000 0100
28.913002 110.903542 0000 0100
28.930901 110.928894 0000 0100
28.930901 110.928894 0000 0100
28.948799 110.928894 0000 0100
28.948799 110.903542 0000 0100
28.948799 110.903542 0000 0100
28.948799 110.903542 0000 0100
28.913002 110.928894 0000 0100
28.913002 110.954269 0000 0100
28.930901 110.928894 0000 0100
28.948799 110.903542 0000 0100
28.913002 110.903542 0000 0100
28.930901 110.954269 0000 0100
28.895100 110.928894 0000 0100
28.930901 110.954269 0000 0100
28.930901 110.928894 0000 0100
28.930901 110.928894 0000 0100
28.930901 110.903542 0000 0100
28.913002 110.928894 0000 0100
28.930901 110.928894 0000 0100
28.913002 110.928894 0000 0100
28.930901 110.928894 0000 0100
28.930901 110.903542 0000 0100
28.948799 110.903542 0000 0100
28.930901 110.903542 0000 0100
28.930901 110.903542 0000 0100
28.930901 110.928894 0000 0100
28.930901 110.928894 0000 0100
28.948799 110.928894 0000 0100
28.948799 110.903542 0000 0100
28.930901 110.903542 0000 0100
28.930901 110.928894 0000 0100
28.913002 110.954269 0000 0100
28.930901 110.954269 0000 0100
28.930901 110.928894 0000 0100
28.930901 110.903542 0000 0100
28.948799 110.928894 0000 0100
28.895100 110.928894 0000 0100
28.913002 110.954269 0000 0100
28.948799 110.928894 0000 0100
28.948799 110.903542 0000 0100
28.913002 110.903542 0000 0100
28.930901 110.928894 0000 0100
28.966702 110.928894 0000 0100
28.930901 110.903542 0000 0100
28.948799 110.928894 0000 0100
28.930901 110.903542 0000 0100
28.930901 110.928894 0000 0100
28.930901 110.928894 0000 0100
28.930901 110.928894 0000 0100
28.930901 110.928894 0000 0100
28.930901 110.903542 0000 0100
28.930901 110.928894 0000 0100
28.930901 110.928894 0000 0100
28.930901 110.928894 0000 0100
28.930901 110.928894 0000 0100
28.930901 110.903542 0000 0100
28.913002 110.928894 0000 0100
28.930901 110.954269 0000 0100
28.948799 110.928894 0000 0100
28.895100 110.903542 0000 0100
28.930901 110.954269 0000 0100
28.930901 110.928894 0000 0100
28.913002 110.928894 0000 0100
28.930901 110.928894 0000 0100
28.913002 110.928894 0000 0100
28.930901 110.928894 0000 0100
28.930901 110.928894 0000 0100
28.930901 110.928894 0000 0100
28.930901 110.928894 0000 0100
28.930901 110.928894 0000 0100
28.930901 110.928894 0000 0100
28.966702 110.903542 0000 0100
28.930901 110.878189 0000 0100
28.930901 110.903542 0000 0100
28.930901 110.928894 0000 0100
28.948799 110.928894 0000 0100
28.948799 110.903542 0000 0100
28.930901 110.903542 0000 0100
28.948799 110.928894 0000 0100
28.930901 110.903542 0000 0100
28.930901 110.928894 0000 0100
28.930901 110.928894 0000 0100
28.948799 110.928894 0000 0100
28.948799 110.903542 0000 0100
28.966702 110.903542 0000 0100
28.948799 110.878189 0000 0100
28.930901 110.903542 0000 0100
28.948799 110.928894 0000 0100
28.913002 110.903542 0000 0100
28.930901 110.954269 0000 0100
28.930901 110.928894 0000 0100
28.948799 110.928894 0000 0100
28.930901 110.928894 0000 0100
28.930901 110.928894 0000 0100
28.930901 110.928894 0000 0100
28.930901 110.928894 0000 0100
28.895100 110.928894 0000 0100
28.948799 110.954269 0000 0100
28.930901 110.903542 0000 0100
28.930901 110.928894 0000 0100
28.966702 110.928894 0000 0100
28.930901 110.903542 0000 0100
28.913002 110.928894 0000 0100
28.930901 110.954269 0000 0100
28.948799 110.928894 0000 0100
28.913002 110.903542 0000 0100
28.913002 110.928894 0000 0100
28.948799 110.954269 0000 0100
28.948799 110.878189 0000 0100
28.930901 110.903542 0000 0100
28.913002 110.928894 0000 0100
28.930901 110.954269 0000 0100
28.930901 110.928894 0000 0100
28.966702 110.928894 0000 0100
28.913002 110.903542 0000 0100
28.930901 110.928894 0000 0100
28.948799 110.928894 0000 0100
28.930901 110.903542 0000 0100
28.913002 110.928894 0000 0100
28.948799 110.954269 0000 0100
28.930901 110.903542 0000 0100
28.948799 110.928894 0000 0100
28.930901 110.903542 0000 0100
28.895100 110.928894 0000 0100
28.930901 110.954269 0000 0100
28.930901 110.928894 0000 0100
28.966702 110.903542 0000 0100
28.913002 110.903542 0000 0100
28.930901 110.928894 0000 0100
28.930901 110.928894 0000 0100
28.930901 110.928894 0000 0100
28.930901 110.903542 0000 0100
28.930901 110.903542 0000 0100
28.895100 110.954269 0000 0100
28.913002 110.954269 0000 0100
28.948799 110.928894 0000 0100
28.913002 110.903542 0000 0100
28.930901 110.954269 0000 0100
28.930901 110.928894 0000 0100
28.948799 110.903542 0000 0100
28.948799 110.903542 0000 0100
28.930901 110.903542 0000 0100
28.948799 110.928894 0000 0100
28.930901 110.928894 0000 0100
28.948799 110.928894 0000 0100
28.930901 110.928894 0000 0100
28.930901 110.928894 0000 0100
28.930901 110.903542 0000 0100
28.930901 110.928894 0000 0100
28.930901 110.928894 0000 0100
28.930901 110.903542 0000 0100
28.930901 110.928894 0000 0100
28.930901 110.928894 0000 0100
28.930901 110.928894 0000 0100
28.930901 110.928894 0000 0100
28.930901 110.928894 0000 0100
28.930901 110.928894 0000 0100
28.895100 110.928894 0000 0100
28.948799 110.954269 0000 0100
28.966702 110.928894 0000 0100
28.948799 110.903542 0000 0100
28.930901 110.928894 0000 0100
28.930901 110.928894 0000 0100
28.966702 110.928894 0000 0100
28.930901 110.878189 0000 0100
28.930901 110.928894 0000 0100
28.930901 110.928894 0000 0100
28.930901 110.928894 0000 0100
28.948799 110.928894 0000 0100
28.930901 110.928894 0000 0100
28.930901 110.928894 0000 0100
28.948799 110.928894 0000 0100
28.930901 110.903542 0000 0100
28.930901 110.903542 0000 0100
28.930901 110.903542 0000 0100
28.930901 110.928894 0000 0100
28.948799 110.903542 0000 0100
28.930901 110.903542 0000 0100
28.948799 110.928894 0000 0100
28.930901 110.903542 0000 0100
28.948799 110.928894 0000 0100
28.930901 110.903542 0000 0100
28.930901 110.928894 0000 0100
28.930901 110.928894 0000 0100
28.930901 110.928894 0000 0100
28.948799 110.928894 0000 0100
28.966702 110.928894 0000 0100
28.948799 110.903542 0000 0100
28.966702 110.903542 0000 0100
28.930901 110.903542 0000 0100
28.913002 110.903542 0000 0100
28.913002 110.928894 0000 0100
28.930901 110.954269 0000 0100
28.948799 110.928894 0000 0100
28.948799 110.903542 0000 0100
28.930901 110.928894 0000 0100
28.930901 110.928894 0000 0100
28.930901 110.928894 0000 0100
28.913002 110.928894 0000 0100
28.930901 110.928894 0000 0100
28.895100 110.903542 0000 0100
28.948799 110.954269 0000 0100
28.930901 110.903542 0000 0100
28.948799 110.928894 0000 0100
28.930901 110.903542 0000 0100
28.948799 110.928894 0000 0100
28.930901 110.903542 0000 0100
28.930901 110.903542 0000 0100
28.913002 110.903542 0000 0100
28.930901 110.928894 0000 0100
28.948799 110.954269 0000 0100
28.930901 110.903542 0000 0100
28.930901 110.903542 0000 0100
28.948799 110.928894 0000 0100
28.948799 110.903542 0000 0100
28.948799 110.903542 0000 0100
28.913002 110.903542 0000 0100
28.895100 110.954269 0000 0100
28.930901 110.954269 0000 0100
28.930901 110.928894 0000 0100
28.930901 110.928894 0000 0100
28.930901 110.928894 0000 0100
28.966702 110.954269 0000 0100
28.948799 110.903542 0000 0100
28.930901 110.903542 0000 0100
28.913002 110.928894 0000 0100
28.948799 110.928894 0000 0100
28.948799 110.903542 0000 0100
28.930901 110.903542 0000 0100
28.913002 110.928894 0000 0100
28.913002 110.954269 0000 0100
28.930901 110.954269 0000 0100
28.948799 110.928894 0000 0100
28.930901 110.903542 0000 0100
28.913002 110.928894 0000 0100
28.930901 110.928894 0000 0100
28.930901 110.928894 0000 0100
28.948799 110.903542 0000 0100
28.930901 110.903542 0000 0100
28.913002 110.928894 0000 0100
28.913002 110.954269 0000 0100
28.930901 110.954269 0000 0100
28.930901 110.928894 0000 0100
28.948799 110.928894 0000 0100
28.930901 110.903542 0000 0100
28.948799 110.903542 0000 0100
28.948799 110.903542 0000 0100
28.930901 110.903542 0000 0100
28.913002 110.928894 0000 0100
28.930901 110.954269 0000 0100
28.930901 110.928894 0000 0100
28.930901 110.903542 0000 0100
28.948799 110.928894 0000 0100
28.966702 110.903542 0000 0100
28.948799 110.903542 0000 0100
28.930901 110.903542 0000 0100
28.966702 110.928894 0000 0100
28.895100 110.903542 0000 0100
28.930901 110.954269 0000 0100
28.930901 110.928894 0000 0100
28.930901 110.928894 0000 0100
28.966702 110.928894 0000 0100
28.930901 110.903542 0000 0100
28.948799 110.903542 0000 0100
28.948799 110.928894 0000 0100
28.913002 110.903542 0000 0100
28.913002 110.928894 0000 0100
28.913002 110.954269 0000 0100
28.948799 110.928894 0000 0100
28.948799 110.903542 0000 0100
28.930901 110.903542 0000 0100
28.948799 110.928894 0000 0100
28.930901 110.928894 0000 0100
28.930901 110.928894 0000 0100
28.948799 110.928894 0000 0100
28.913002 110.903542 0000 0100
28.930901 110.928894 0000 0100
28.984600 110.903542 0000 0100
28.966702 110.878189 0000 0100
28.930901 110.903542 0000 0100
28.895100 110.928894 0000 0100
28.930901 110.954269 0000 0100
28.930901 110.903542 0000 0100
28.948799 110.903542 0000 0100
28.930901 110.903542 0000 0100
28.913002 110.928894 0000 0100
28.930901 110.928894 0000 0100
28.948799 110.903542 0000 0100
28.930901 110.903542 0000 0100
28.930901 110.928894 0000 0100
28.930901 110.903542 0000 0100
28.930901 110.928894 0000 0100
28.966702 110.928894 0000 0100
28.948799 110.903542 0000 0100
28.948799 110.903542 0000 0100
28.930901 110.903542 0000 0100
28.948799 110.928894 0000 0100
28.966702 110.903542 0000 0100
28.948799 110.903542 0000 0100
28.930901 110.903542 0000 0100
28.930901 110.954269 0000 0100
28.930901 110.928894 0000 0100
28.984600 110.928894 0000 0100
28.948799 110.903542 0000 0100
28.930901 110.903542 0000 0100
28.913002 110.928894 0000 0100
28.948799 110.954269 0000 0100
28.930901 110.903542 0000 0100
28.913002 110.928894 0000 0100
28.913002 110.928894 0000 0100
28.966702 110.928894 0000 0100
28.930901 110.903542 0000 0100
28.930901 110.928894 0000 0100
28.913002 110.928894 0000 0100
28.948799 110.954269 0000 0100
28.930901 110.903542 0000 0100
28.930901 110.928894 0000 0100
28.930901 110.903542 0000 0100
28.895100 110.928894 0000 0100
28.930901 110.979645 0000 0100
28.948799 110.928894 0000 0100
28.930901 110.903542 0000 0100
28.948799 110.928894 0000 0100
28.948799 110.903542 0000 0100
28.948799 110.903542 0000 0100
28.930901 110.903542 0000 0100
28.930901 110.928894 0000 0100
28.948799 110.928894 0000 0100
28.966702 110.903542 0000 0100
28.930901 110.903542 0000 0100
28.966702 110.903542 0000 0100
28.930901 110.903542 0000 0100
28.930901 110.928894 0000 0100
28.948799 110.903542 0000 0100
28.930901 110.928894 0000 0100
28.948799 110.903542 0000 0100
28.948799 110.903542 0000 0100
28.930901 110.903542 0000 0100
28.930901 110.928894 0000 0100
28.930901 110.928894 0000 0100
28.948799 110.928894 0000 0100
28.948799 110.903542 0000 0100
28.930901 110.903542 0000 0100
28.930901 110.903542 0000 0100
28.930901 110.928894 0000 0100
28.930901 110.928894 0000 0100
28.930901 110.928894 0000 0100
28.966702 110.903542 0000 0100
28.948799 110.903542 0000 0100
28.948799 110.903542 0000 0100
28.948799 110.903542 0000 0100
28.930901 110.903542 0000 0100
28.966702 110.928894 0000 0100
28.913002 110.903542 0000 0100
28.948799 110.928894 0000 0100
28.948799 110.903542 0000 0100
28.930901 110.903542 0000 0100
28.930901 110.928894 0000 0100
28.913002 110.903542 0000 0100
28.930901 110.928894 0000 0100
28.930901 110.928894 0000 0100
28.948799 110.928894 0000 0100
28.966702 110.903542 0000 0100
28.930901 110.903542 0000 0100
28.948799 110.928894 0000 0100
28.930901 110.903542 0000 0100
28.948799 110.928894 0000 0100
28.930901 110.903542 0000 0100
28.948799 110.903542 0000 0100
28.948799 110.903542 0000 0100
28.966702 110.903542 0000 0100
28.966702 110.903542 0000 0100
28.948799 110.903542 0000 0100
28.930901 110.903542 0000 0100
28.948799 110.928894 0000 0100
28.948799 110.903542 0000 0100
28.966702 110.903542 0000 0100
28.913002 110.903542 0000 0100
28.930901 110.954269 0000 0100
28.930901 110.928894 0000 0100
28.966702 110.928894 0000 0100
28.930901 110.903542 0000 0100
28.948799 110.928894 0000 0100
28.966702 110.928894 0000 0100
28.948799 110.903542 0000 0100
28.913002 110.903542 0000 0100
28.930901 110.928894 0000 0100
28.895100 110.928894 0000 0100
28.966702 110.979645 0000 0100
28.948799 110.903542 0000 0100
28.930901 110.903542 0000 0100
28.930901 110.928894 0000 0100
28.948799 110.903542 0000 0100
28.948799 110.903542 0000 0100
28.948799 110.903542 0000 0100
28.948799 110.928894 0000 0100
28.930901 110.903542 0000 0100
28.930901 110.928894 0000 0100
28.930901 110.928894 0000 0100
28.948799 110.928894 0000 0100
28.930901 110.903542 0000 0100
28.948799 110.928894 0000 0100
28.966702 110.903542 0000 0100
28.930901 110.903542 0000 0100
28.930901 110.928894 0000 0100
28.948799 110.928894 0000 0100
28.948799 110.903542 0000 0100
28.930901 110.903542 0000 0100
28.948799 110.928894 0000 0100
28.930901 110.903542 0000 0100
28.966702 110.928894 0000 0100
28.930901 110.903542 0000 0100
28.930901 110.903542 0000 0100
28.930901 110.928894 0000 0100
28.930901 110.928894 0000 0100
28.948799 110.928894 0000 0100
28.877201 110.928894 0000 0100
28.930901 110.979645 0000 0100
28.966702 110.928894 0000 0100
28.948799 110.903542 0000 0100
28.948799 110.903542 0000 0100
28.930901 110.903542 0000 0100
28.930901 110.903542 0000 0100
28.930901 110.928894 0000 0100
28.913002 110.928894 0000 0100
28.948799 110.928894 0000 0100
28.948799 110.903542 0000 0100
28.948799 110.903542 0000 0100
28.948799 110.903542 0000 0100
28.948799 110.903542 0000 0100
28.930901 110.903542 0000 0100
28.966702 110.928894 0000 0100
28.948799 110.903542 0000 0100
28.948799 110.903542 0000 0100
28.913002 110.928894 0000 0100
28.930901 110.928894 0000 0100
28.930901 110.903542 0000 0100
28.948799 110.954269 0000 0100
28.948799 110.928894 0000 0100
28.948799 110.903542 0000 0100
28.930901 110.903542 0000 0100
28.948799 110.928894 0000 0100
28.930901 110.903542 0000 0100
28.948799 110.928894 0000 0100
28.930901 110.903542 0000 0100
28.948799 110.903542 0000 0100
28.966702 110.903542 0000 0100
28.930901 110.903542 0000 0100
28.930901 110.903542 0000 0100
28.930901 110.928894 0000 0100
28.913002 110.928894 0000 0100
28.948799 110.928894 0000 0100
28.930901 110.903542 0000 0100
28.948799 110.903542 0000 0100
28.948799 110.903542 0000 0100
28.930901 110.928894 0000 0100
28.930901 110.928894 0000 0100
28.948799 110.928894 0000 0100
28.966702 110.903542 0000 0100
28.930901 110.903542 0000 0100
28.948799 110.928894 0000 0100
28.930901 110.928894 0000 0100
28.984600 110.903542 0000 0100
28.948799 110.903542 0000 0100
28.930901 110.903542 0000 0100
28.948799 110.928894 0000 0100
28.913002 110.903542 0000 0100
28.948799 110.928894 0000 0100
28.930901 110.903542 0000 0100
28.966702 110.903542 0000 0100
28.948799 110.903542 0000 0100
28.913002 110.903542 0000 0100
28.930901 110.928894 0000 0100
28.913002 110.928894 0000 0100
28.930901 110.954269 0000 0100
28.930901 110.928894 0000 0100
28.948799 110.928894 0000 0100
28.930901 110.903542 0000 0100
28.913002 110.903542 0000 0100
28.930901 110.954269 0000 0100
28.930901 110.928894 0000 0100
28.948799 110.903542 0000 0100
28.930901 110.903542 0000 0100
28.930901 110.928894 0000 0100
28.930901 110.928894 0000 0100
28.930901 110.928894 0000 0100
28.913002 110.928894 0000 0100
28.930901 110.928894 0000 0100
28.930901 110.928894 0000 0100
28.966702 110.903542 0000 0100
28.948799 110.903542 0000 0100
28.930901 110.903542 0000 0100
28.895100 110.928894 0000 0100
28.930901 110.954269 0000 0100
28.895100 110.928894 0000 0100
28.930901 110.954269 0000 0100
28.913002 110.928894 0000 0100
28.930901 110.954269 0000 0100
28.930901 110.928894 0000 0100
28.930901 110.903542 0000 0100
28.930901 110.928894 0000 0100
28.930901 110.928894 0000 0100
28.948799 110.903542 0000 0100
28.948799 110.903542 0000 0100
28.930901 110.928894 0000 0100
28.966702 110.928894 0000 0100
28.948799 110.903542 0000 0100
28.948799 110.903542 0000 0100
28.948799 110.903542 0000 0100
28.930901 110.928894 0000 0100
28.913002 110.928894 0000 0100
28.966702 110.954269 0000 0100
28.930901 110.903542 0000 0100
28.930901 110.928894 0000 0100
28.895100 110.928894 0000 0100
28.930901 110.954269 0000 0100
28.948799 110.954269 0000 0100
28.948799 110.903542 0000 0100
28.948799 110.903542 0000 0100
28.948799 110.903542 0000 0100
28.930901 110.903542 0000 0100
28.930901 110.928894 0000 0100
28.930901 110.954269 0000 0100
28.913002 110.928894 0000 0100
28.948799 110.928894 0000 0100
28.948799 110.903542 0000 0100
28.930901 110.903542 0000 0100
28.913002 110.928894 0000 0100
28.930901 110.954269 0000 0100
28.930901 110.928894 0000 0100
28.930901 110.928894 0000 0100
28.966702 110.903542 0000 0100
28.948799 110.903542 0000 0100
28.930901 110.903542 0000 0100
28.913002 110.928894 0000 0100
28.966702 110.954269 0000 0100
28.948799 110.903542 0000 0100
28.913002 110.903542 0000 0100
28.930901 110.928894 0000 0100
28.930901 110.928894 0000 0100
28.948799 110.928894 0000 0100
28.948799 110.903542 0000 0100
28.930901 110.903542 0000 0100
28.930901 110.928894 0000 0100
28.930901 110.928894 0000 0100
28.930901 110.928894 0000 0100
28.948799 110.928894 0000 0100
28.913002 110.903542 0000 0100
28.930901 110.928894 0000 0100
28.948799 110.928894 0000 0100
28.948799 110.928894 0000 0100
28.913002 110.903542 0000 0100
28.948799 110.928894 0000 0100
28.930901 110.903542 0000 0100
28.913002 110.928894 0000 0100
28.930901 110.954269 0000 0100
28.966702 110.928894 0000 0100
28.966702 110.903542 0000 0100
28.930901 110.903542 0000 0100
28.930901 110.928894 0000 0100
28.930901 110.928894 0000 0100
28.913002 110.903542 0000 0100
28.930901 110.928894 0000 0100
28.948799 110.928894 0000 0100
28.948799 110.903542 0000 0100
28.913002 110.903542 0000 0100
28.930901 110.954269 0000 0100
28.948799 110.954269 0000 0100
28.913002 110.928894 0000 0100
28.930901 110.928894 0000 0100
28.930901 110.928894 0000 0100
28.930901 110.928894 0000 0100
28.948799 110.928894 0000 0100
28.948799 110.903542 0000 0100
28.930901 110.903542 0000 0100
28.913002 110.928894 0000 0100
28.930901 110.954269 0000 0100
28.948799 110.928894 0000 0100
28.948799 110.903542 0000 0100
28.930901 110.903542 0000 0100
28.930901 110.928894 0000 0100
28.930901 110.928894 0000 0100
28.913002 110.928894 0000 0100
28.930901 110.954269 0000 0100
28.948799 110.928894 0000 0100
28.930901 110.903542 0000 0100
28.930901 110.903542 0000 0100
28.930901 110.928894 0000 0100
28.930901 110.928894 0000 0100
28.930901 110.928894 0000 0100
28.948799 110.928894 0000 0100
28.930901 110.903542 0000 0100
28.930901 110.928894 0000 0100
28.930901 110.928894 0000 0100
28.930901 110.928894 0000 0100
28.930901 110.928894 0000 0100
28.948799 110.903542 0000 0100
28.948799 110.903542 0000 0100
28.930901 110.903542 0000 0100
28.930901 110.903542 0000 0100
28.930901 110.928894 0000 0100
28.930901 110.928894 0000 0100
28.930901 110.928894 0000 0100
28.930901 110.903542 0000 0100
28.948799 110.928894 0000 0100
28.948799 110.903542 0000 0100
28.930901 110.903542 0000 0100
28.948799 110.928894 0000 0100
28.930901 110.928894 0000 0100
28.930901 110.928894 0000 0100
28.930901 110.928894 0000 0100
28.948799 110.928894 0000 0100
28.930901 110.903542 0000 0100
28.930901 110.928894 0000 0100
28.948799 110.928894 0000 0100
28.930901 110.903542 0000 0100
28.966702 110.903542 0000 0100
28.930901 110.903542 0000 0100
28.930901 110.928894 0000 0100
28.948799 110.928894 0000 0100
28.930901 110.903542 0000 0100
28.930901 110.928894 0000 0100
28.948799 110.928894 0000 0100
28.930901 110.903542 0000 0100
28.930901 110.903542 0000 0100
28.930901 110.928894 0000 0100
28.948799 110.928894 0000 0100
28.913002 110.903542 0000 0100
28.930901 110.928894 0000 0100
28.930901 110.928894 0000 0100
28.930901 110.928894 0000 0100
28.948799 110.928894 0000 0100
28.913002 110.903542 0000 0100
28.930901 110.928894 0000 0100
28.966702 110.928894 0000 0100
28.930901 110.903542 0000 0100
28.930901 110.928894 0000 0100
28.930901 110.928894 0000 0100
28.930901 110.928894 0000 0100
28.930901 110.928894 0000 0100
28.948799 110.903542 0000 0100
28.930901 110.903542 0000 0100
28.913002 110.903542 0000 0100
28.930901 110.954269 0000 0100
28.930901 110.928894 0000 0100
28.930901 110.928894 0000 0100
28.930901 110.903542 0000 0100
28.948799 110.928894 0000 0100
28.930901 110.903542 0000 0100
28.948799 110.928894 0000 0100
28.930901 110.903542 0000 0100
28.948799 110.928894 0000 0100
28.966702 110.903542 0000 0100
28.930901 110.903542 0000 0100
28.930901 110.928894 0000 0100
28.930901 110.903542 0000 0100
28.948799 110.928894 0000 0100
28.913002 110.903542 0000 0100
28.948799 110.928894 0000 0100
28.930901 110.903542 0000 0100
28.930901 110.928894 0000 0100
28.930901 110.928894 0000 0100
28.913002 110.928894 0000 0100
28.948799 110.928894 0000 0100
28.948799 110.903542 0000 0100
28.948799 110.903542 0000 0100
28.930901 110.903542 0000 0100
28.913002 110.928894 0000 0100
28.930901 110.928894 0000 0100
28.948799 110.928894 0000 0100
28.948799 110.903542 0000 0100
28.948799 110.903542 0000 0100
28.948799 110.903542 0000 0100
28.948799 110.903542 0000 0100
28.913002 110.903542 0000 0100
28.930901 110.954269 0000 0100
28.948799 110.928894 0000 0100
28.948799 110.903542 0000 0100
28.948799 110.928894 0000 0100
28.930901 110.903542 0000 0100
28.930901 110.928894 0000 0100
28.930901 110.928894 0000 0100
28.930901 110.928894 0000 0100
28.930901 110.928894 0000 0100
28.930901 110.928894 0000 0100
28.930901 110.928894 0000 0100
28.930901 110.928894 0000 0100
28.930901 110.954269 0000 0100
28.948799 110.928894 0000 0100
28.930901 110.903542 0000 0100
28.930901 110.928894 0000 0100
28.930901 110.928894 0000 0100
28.930901 110.928894 0000 0100
28.966702 110.928894 0000 0100
28.948799 110.903542 0000 0100
28.930901 110.928894 0000 0100
28.930901 110.928894 0000 0100
28.930901 110.928894 0000 0100
28.930901 110.928894 0000 0100
28.930901 110.903542 0000 0100
28.913002 110.928894 0000 0100
28.930901 110.954269 0000 0100
28.948799 110.928894 0000 0100
28.948799 110.903542 0000 0100
28.930901 110.928894 0000 0100
28.948799 110.928894 0000 0100
28.930901 110.928894 0000 0100
28.930901 110.903542 0000 0100
28.930901 110.928894 0000 0100
28.930901 110.928894 0000 0100
28.948799 110.928894 0000 0100
28.930901 110.903542 0000 0100
28.930901 110.928894 0000 0100
28.930901 110.928894 0000 0100
28.930901 110.928894 0000 0100
28.930901 110.903542 0000 0100
28.948799 110.928894 0000 0100
28.930901 110.928894 0000 0100
28.948799 110.903542 0000 0100
28.930901 110.903542 0000 0100
28.948799 110.928894 0000 0100
28.930901 110.928894 0000 0100
28.930901 110.928894 0000 0100
28.930901 110.928894 0000 0100
28.930901 110.928894 0000 0100
28.930901 110.928894 0000 0100
28.948799 110.928894 0000 0100
28.966702 110.903542 0000 0100
28.930901 110.903542 0000 0100
28.930901 110.928894 0000 0100
28.913002 110.928894 0000 0100
28.930901 110.954269 0000 0100
28.930901 110.928894 0000 0100
28.948799 110.928894 0000 0100
28.930901 110.903542 0000 0100
28.948799 110.928894 0000 0100
28.948799 110.928894 0000 0100
28.948799 110.928894 0000 0100
28.930901 110.903542 0000 0100
28.913002 110.903542 0000 0100
28.948799 110.954269 0000 0100
28.966702 110.903542 0000 0100
28.913002 110.903542 0000 0100
28.913002 110.954269 0000 0100
28.930901 110.954269 0000 0100
28.948799 110.928894 0000 0100
28.930901 110.928894 0000 0100
28.948799 110.928894 0000 0100
28.948799 110.903542 0000 0100
28.948799 110.903542 0000 0100
28.930901 110.928894 0000 0100
28.948799 110.928894 0000 0100
28.948799 110.903542 0000 0100
28.948799 110.928894 0000 0100
28.930901 110.903542 0000 0100
28.930901 110.928894 0000 0100
28.930901 110.928894 0000 0100
28.930901 110.928894 0000 0100
28.948799 110.928894 0000 0100
28.948799 110.903542 0000 0100
28.913002 110.903542 0000 0100
28.930901 110.928894 0000 0100
28.930901 110.928894 0000 0100
28.966702 110.928894 0000 0100
28.948799 110.903542 0000 0100
28.895100 110.903542 0000 0100
28.948799 110.954269 0000 0100
28.930901 110.903542 0000 0100
28.948799 110.928894 0000 0100
28.913002 110.903542 0000 0100
28.930901 110.954269 0000 0100
28.913002 110.928894 0000 0100
28.930901 110.954269 0000 0100
28.930901 110.928894 0000 0100
28.948799 110.928894 0000 0100
28.913002 110.928894 0000 0100
28.930901 110.954269 0000 0100
28.948799 110.928894 0000 0100
28.948799 110.928894 0000 0100
28.948799 110.903542 0000 0100
28.930901 110.928894 0000 0100
28.948799 110.928894 0000 0100
28.930901 110.928894 0000 0100
28.948799 110.954269 0000 0100
28.948799 110.903542 0000 0100
28.930901 110.903542 0000 0100
28.930901 110.954269 0000 0100
28.948799 110.928894 0000 0100
28.930901 110.903542 0000 0100
28.948799 110.928894 0000 0100
28.930901 110.903542 0000 0100
28.930901 110.928894 0000 0100
28.948799 110.903542 0000 0100
28.930901 110.903542 0000 0100
28.930901 110.928894 0000 0100
28.930901 110.928894 0000 0100
28.948799 110.928894 0000 0100
28.948799 110.928894 0000 0100
28.948799 110.903542 0000 0100
28.948799 110.903542 0000 0100
28.930901 110.903542 0000 0100
28.930901 110.928894 0000 0100
28.930901 110.928894 0000 0100
28.930901 110.928894 0000 0100
28.930901 110.903542 0000 0100
28.948799 110.903542 0000 0100
28.948799 110.903542 0000 0100
28.930901 110.903542 0000 0100
28.930901 110.928894 0000 0100
28.930901 110.928894 0000 0100
28.948799 110.928894 0000 0100
28.930901 110.903542 0000 0100
28.948799 110.928894 0000 0100
28.913002 110.903542 0000 0100
28.966702 110.928894 0000 0100
28.930901 110.903542 0000 0100
28.930901 110.903542 0000 0100
28.930901 110.928894 0000 0100
28.930901 110.928894 0000 0100
28.948799 110.928894 0000 0100
28.948799 110.928894 0000 0100
28.948799 110.903542 0000 0100
28.930901 110.903542 0000 0100
28.930901 110.928894 0000 0100
28.913002 110.928894 0000 0100
28.948799 110.954269 0000 0100
28.930901 110.903542 0000 0100
28.930901 110.928894 0000 0100
28.948799 110.928894 0000 0100
28.930901 110.903542 0000 0100
28.948799 110.928894 0000 0100
28.948799 110.903542 0000 0100
28.948799 110.903542 0000 0100
28.930901 110.903542 0000 0100
28.930901 110.928894 0000 0100
28.948799 110.928894 0000 0100
28.930901 110.903542 0000 0100
28.930901 110.928894 0000 0100
28.930901 110.928894 0000 0100
28.930901 110.928894 0000 0100
28.930901 110.928894 0000 0100
28.948799 110.928894 0000 0100
28.930901 110.903542 0000 0100
28.930901 110.928894 0000 0100
28.930901 110.928894 0000 0100
28.948799 110.928894 0000 0100
28.930901 110.903542 0000 0100
28.930901 110.928894 0000 0100
28.930901 110.928894 0000 0100
28.930901 110.928894 0000 0100
28.930901 110.928894 0000 0100
28.930901 110.928894 0000 0100
28.948799 110.928894 0000 0100
28.930901 110.903542 0000 0100
28.930901 110.928894 0000 0100
28.930901 110.928894 0000 0100
28.930901 110.928894 0000 0100
28.930901 110.928894 0000 0100
28.948799 110.928894 0000 0100
28.930901 110.903542 0000 0100
28.913002 110.954269 0000 0100
28.930901 110.954269 0000 0100
28.930901 110.928894 0000 0100
28.948799 110.903542 0000 0100
28.930901 110.903542 0000 0100
28.948799 110.903542 0000 0100
28.930901 110.928894 0000 0100
28.930901 110.928894 0000 0100
28.930901 110.903542 0000 0100
28.930901 110.928894 0000 0100
28.930901 110.928894 0000 0100
28.966702 110.928894 0000 0100
28.930901 110.903542 0000 0100
28.948799 110.903542 0000 0100
28.930901 110.928894 0000 0100
28.930901 110.928894 0000 0100
28.913002 110.928894 0000 0100
28.930901 110.954269 0000 0100
28.948799 110.928894 0000 0100
28.913002 110.903542 0000 0100
28.930901 110.928894 0000 0100
28.966702 110.928894 0000 0100
28.948799 110.903542 0000 0100
28.948799 110.903542 0000 0100
28.966702 110.903542 0000 0100
28.948799 110.903542 0000 0100
28.930901 110.928894 0000 0100
28.913002 110.928894 0000 0100
28.948799 110.954269 0000 0100
28.948799 110.903542 0000 0100
28.913002 110.903542 0000 0100
28.948799 110.954269 0000 0100
28.930901 110.928894 0000 0100
28.948799 110.928894 0000 0100
28.930901 110.928894 0000 0100
28.948799 110.928894 0000 0100
28.930901 110.903542 0000 0100
28.930901 110.928894 0000 0100
28.930901 110.928894 0000 0100
28.913002 110.928894 0000 0100
28.948799 110.928894 0000 0100
28.948799 110.903542 0000 0100
28.930901 110.928894 0000 0100
28.895100 110.903542 0000 0100
28.930901 110.954269 0000 0100
28.930901 110.954269 0000 0100
28.948799 110.928894 0000 0100
28.930901 110.928894 0000 0100
28.930901 110.928894 0000 0100
28.930901 110.928894 0000 0100
28.930901 110.928894 0000 0100
28.913002 110.928894 0000 0100
28.930901 110.954269 0000 0100
28.966702 110.928894 0000 0100
28.948799 110.903542 0000 0100
28.948799 110.903542 0000 0100
28.930901 110.928894 0000 0100
28.930901 110.928894 0000 0100
28.948799 110.928894 0000 0100
28.966702 110.903542 0000 0100
28.930901 110.903542 0000 0100
28.930901 110.928894 0000 0100
28.930901 110.928894 0000 0100
28.948799 110.928894 0000 0100
28.966702 110.903542 0000 0100
28.930901 110.903542 0000 0100
28.966702 110.928894 0000 0100
28.930901 110.903542 0000 0100
28.948799 110.903542 0000 0100
28.930901 110.903542 0000 0100
28.930901 110.928894 0000 0100
28.930901 110.928894 0000 0100
28.930901 110.928894 0000 0100
28.948799 110.928894 0000 0100
28.948799 110.928894 0000 0100
28.930901 110.903542 0000 0100
28.948799 110.928894 0000 0100
28.966702 110.903542 0000 0100
28.948799 110.903542 0000 0100
28.930901 110.928894 0000 0100
28.913002 110.928894 0000 0100
28.930901 110.954269 0000 0100
28.895100 110.928894 0000 0100
28.948799 110.954269 0000 0100
28.966702 110.903542 0000 0100
28.948799 110.903542 0000 0100
28.930901 110.903542 0000 0100
28.913002 110.928894 0000 0100
28.930901 110.928894 0000 0100
28.930901 110.928894 0000 0100
28.930901 110.928894 0000 0100
28.930901 110.928894 0000 0100
28.948799 110.928894 0000 0100
28.948799 110.903542 0000 0100
28.930901 110.903542 0000 0100
28.948799 110.928894 0000 0100
28.930901 110.903542 0000 0100
28.948799 110.928894 0000 0100
28.948799 110.903542 0000 0100
28.913002 110.903542 0000 0100
28.948799 110.928894 0000 0100
28.948799 110.903542 0000 0100
28.948799 110.903542 0000 0100
28.913002 110.903542 0000 0100
28.930901 110.954269 0000 0100
28.930901 110.928894 0000 0100
28.930901 110.903542 0000 0100
28.948799 110.928894 0000 0100
28.930901 110.903542 0000 0100
28.948799 110.928894 0000 0100
28.948799 110.903542 0000 0100
28.948799 110.903542 0000 0100
28.913002 110.903542 0000 0100
28.930901 110.954269 0000 0100
28.930901 110.928894 0000 0100
28.948799 110.928894 0000 0100
28.948799 110.903542 0000 0100
28.948799 110.903542 0000 0100
28.930901 110.903542 0000 0100
28.966702 110.928894 0000 0100
28.948799 110.903542 0000 0100
28.930901 110.903542 0000 0100
28.930901 110.928894 0000 0100
28.913002 110.928894 0000 0100
28.966702 110.954269 0000 0100
28.930901 110.903542 0000 0100
28.930901 110.928894 0000 0100
28.930901 110.928894 0000 0100
28.930901 110.928894 0000 0100
28.913002 110.928894 0000 0100
28.930901 110.928894 0000 0100
28.930901 110.928894 0000 0100
28.948799 110.903542 0000 0100
28.966702 110.903542 0000 0100
28.930901 110.903542 0000 0100
28.930901 110.903542 0000 0100
28.913002 110.928894 0000 0100
28.948799 110.928894 0000 0100
28.930901 110.903542 0000 0100
28.930901 110.928894 0000 0100
28.930901 110.928894 0000 0100
28.913002 110.928894 0000 0100
28.930901 110.928894 0000 0100
28.948799 110.903542 0000 0100
28.930901 110.903542 0000 0100
28.913002 110.928894 0000 0100
28.930901 110.928894 0000 0100
28.948799 110.928894 0000 0100
28.948799 110.903542 0000 0100
28.930901 110.903542 0000 0100
28.948799 110.903542 0000 0100
28.930901 110.903542 0000 0100
28.930901 110.928894 0000 0100
28.930901 110.928894 0000 0100
28.930901 110.928894 0000 0100
28.966702 110.903542 0000 0100
28.948799 110.903542 0000 0100
28.930901 110.903542 0000 0100
28.930901 110.954269 0000 0100
28.930901 110.928894 0000 0100
28.930901 110.928894 0000 0100
28.948799 110.903542 0000 0100
28.930901 110.903542 0000 0100
28.930901 110.928894 0000 0100
28.913002 110.928894 0000 0100
28.948799 110.954269 0000 0100
28.930901 110.903542 0000 0100
28.930901 110.903542 0000 0100
28.930901 110.903542 0000 0100
28.930901 110.928894 0000 0100
28.930901 110.928894 0000 0100
28.930901 110.928894 0000 0100
28.948799 110.928894 0000 0100
28.930901 110.903542 0000 0100
28.948799 110.928894 0000 0100
28.930901 110.903542 0000 0100
28.948799 110.928894 0000 0100
28.930901 110.903542 0000 0100
28.930901 110.903542 0000 0100
28.948799 110.928894 0000 0100
28.966702 110.903542 0000 0100
28.930901 110.903542 0000 0100
28.895100 110.928894 0000 0100
28.930901 110.954269 0000 0100
28.930901 110.928894 0000 0100
28.948799 110.903542 0000 0100
28.930901 110.903542 0000 0100
28.930901 110.928894 0000 0100
28.930901 110.928894 0000 0100
28.930901 110.928894 0000 0100
28.948799 110.928894 0000 0100
28.948799 110.903542 0000 0100
28.930901 110.903542 0000 0100
28.948799 110.928894 0000 0100
28.930901 110.903542 0000 0100
28.930901 110.928894 0000 0100
28.948799 110.928894 0000 0100
28.930901 110.903542 0000 0100
28.930901 110.928894 0000 0100
28.930901 110.928894 0000 0100
28.930901 110.928894 0000 0100
28.930901 110.928894 0000 0100
28.948799 110.928894 0000 0100
28.930901 110.903542 0000 0100
28.930901 110.903542 0000 0100
28.948799 110.903542 0000 0100
28.948799 110.903542 0000 0100
28.930901 110.903542 0000 0100
28.930901 110.928894 0000 0100
28.948799 110.903542 0000 0100
28.930901 110.903542 0000 0100
28.948799 110.928894 0000 0100
28.930901 110.928894 0000 0100
28.948799 110.928894 0000 0100
28.966702 110.903542 0000 0100
28.948799 110.903542 0000 0100
28.930901 110.903542 0000 0100
28.930901 110.903542 0000 0100
28.930901 110.928894 0000 0100
28.966702 110.928894 0000 0100
28.913002 110.903542 0000 0100
28.930901 110.928894 0000 0100
28.948799 110.928894 0000 0100
28.930901 110.903542 0000 0100
28.930901 110.928894 0000 0100
28.930901 110.928894 0000 0100
28.930901 110.928894 0000 0100
28.930901 110.928894 0000 0100
28.930901 110.954269 0000 0100
28.913002 110.928894 0000 0100
28.930901 110.954269 0000 0100
28.930901 110.928894 0000 0100
28.948799 110.903542 0000 0100
28.948799 110.903542 0000 0100
28.930901 110.903542 0000 0100
28.930901 110.928894 0000 0100
28.948799 110.928894 0000 0100
28.930901 110.903542 0000 0100
28.930901 110.928894 0000 0100
28.948799 110.928894 0000 0100
28.948799 110.903542 0000 0100
28.930901 110.903542 0000 0100
28.930901 110.928894 0000 0100
28.930901 110.928894 0000 0100
28.930901 110.928894 0000 0100
28.948799 110.928894 0000 0100
28.930901 110.903542 0000 0100
28.948799 110.928894 0000 0100
28.930901 110.903542 0000 0100
28.913002 110.928894 0000 0100
28.930901 110.954269 0000 0100
28.948799 110.928894 0000 0100
28.913002 110.903542 0000 0100
28.913002 110.954269 0000 0100
28.930901 110.928894 0000 0100
28.930901 110.928894 0000 0100
28.930901 110.928894 0000 0100
28.930901 110.928894 0000 0100
28.966702 110.928894 0000 0100
28.948799 110.903542 0000 0100
28.930901 110.903542 0000 0100
28.966702 110.928894 0000 0100
28.966702 110.903542 0000 0100
28.948799 110.903542 0000 0100
28.948799 110.903542 0000 0100
28.948799 110.903542 0000 0100
28.948799 110.928894 0000 0100
28.895100 110.903542 0000 0100
28.948799 110.954269 0000 0100
28.913002 110.903542 0000 0100
28.930901 110.954269 0000 0100
28.930901 110.928894 0000 0100
28.930901 110.928894 0000 0100
28.913002 110.928894 0000 0100
28.930901 110.954269 0000 0100
28.948799 110.928894 0000 0100
28.930901 110.903542 0000 0100
28.930901 110.928894 0000 0100
28.930901 110.954269 0000 0100
28.930901 110.928894 0000 0100
28.948799 110.928894 0000 0100
28.948799 110.928894 0000 0100
28.930901 110.928894 0000 0100
28.930901 110.928894 0000 0100
28.930901 110.928894 0000 0100
28.948799 110.928894 0000 0100
28.930901 110.928894 0000 0100
28.930901 110.928894 0000 0100
28.948799 110.928894 0000 0100
28.930901 110.903542 0000 0100
28.930901 110.928894 0000 0100
28.930901 110.928894 0000 0100
28.948799 110.954269 0000 0100
28.948799 110.903542 0000 0100
28.913002 110.928894 0000 0100
28.930901 110.954269 0000 0100
28.930901 110.928894 0000 0100
28.930901 110.928894 0000 0100
28.930901 110.928894 0000 0100
28.930901 110.928894 0000 0100
28.930901 110.928894 0000 0100
28.948799 110.928894 0000 0100
28.930901 110.903542 0000 0100
28.930901 110.928894 0000 0100
28.930901 110.928894 0000 0100
28.948799 110.903542 0000 0100
28.930901 110.928894 0000 0100
28.913002 110.928894 0000 0100
28.930901 110.954269 0000 0100
28.930901 110.928894 0000 0100
28.930901 110.928894 0000 0100
28.930901 110.903542 0000 0100
28.930901 110.928894 0000 0100
28.930901 110.928894 0000 0100
28.930901 110.928894 0000 0100
28.930901 110.928894 0000 0100
28.913002 110.928894 0000 0100
28.984600 110.928894 0000 0100
28.913002 110.878189 0000 0100
28.930901 110.928894 0000 0100
28.948799 110.928894 0000 0100
28.930901 110.903542 0000 0100
28.948799 110.903542 0000 0100
28.930901 110.903542 0000 0100
28.948799 110.928894 0000 0100
28.913002 110.903542 0000 0100
28.930901 110.928894 0000 0100
28.930901 110.928894 0000 0100
28.930901 110.928894 0000 0100
28.948799 110.928894 0000 0100
28.930901 110.903542 0000 0100
28.930901 110.928894 0000 0100
28.948799 110.928894 0000 0100
28.948799 110.928894 0000 0100
28.930901 110.928894 0000 0100
28.948799 110.928894 0000 0100
28.948799 110.903542 0000 0100
28.930901 110.903542 0000 0100
28.930901 110.928894 0000 0100
28.948799 110.928894 0000 0100
28.948799 110.903542 0000 0100
28.930901 110.903542 0000 0100
28.930901 110.928894 0000 0100
28.966702 110.928894 0000 0100
28.930901 110.903542 0000 0100
28.930901 110.928894 0000 0100
28.930901 110.928894 0000 0100
28.930901 110.928894 0000 0100
28.930901 110.928894 0000 0100
28.913002 110.928894 0000 0100
28.930901 110.954269 0000 0100
28.930901 110.928894 0000 0100
28.966702 110.928894 0000 0100
28.930901 110.903542 0000 0100
28.913002 110.903542 0000 0100
28.948799 110.954269 0000 0100
28.948799 110.903542 0000 0100
28.913002 110.903542 0000 0100
28.930901 110.928894 0000 0100
28.948799 110.928894 0000 0100
28.948799 110.903542 0000 0100
28.948799 110.903542 0000 0100
28.948799 110.928894 0000 0100
28.948799 110.903542 0000 0100
28.930901 110.903542 0000 0100
28.913002 110.928894 0000 0100
28.930901 110.954269 0000 0100
28.913002 110.903542 0000 0100
28.913002 110.928894 0000 0100
28.930901 110.928894 0000 0100
28.948799 110.928894 0000 0100
28.966702 110.928894 0000 0100
28.930901 110.903542 0000 0100
28.913002 110.928894 0000 0100
28.930901 110.928894 0000 0100
28.930901 110.928894 0000 0100
28.930901 110.954269 0000 0100
28.913002 110.928894 0000 0100
28.984600 110.928894 0000 0100
28.930901 110.903542 0000 0100
28.930901 110.928894 0000 0100
28.930901 110.928894 0000 0100
28.948799 110.928894 0000 0100
28.966702 110.903542 0000 0100
28.930901 110.903542 0000 0100
28.948799 110.928894 0000 0100
28.913002 110.903542 0000 0100
28.930901 110.928894 0000 0100
28.948799 110.928894 0000 0100
28.966702 110.903542 0000 0100
28.930901 110.903542 0000 0100
28.948799 110.928894 0000 0100
28.966702 110.928894 0000 0100
28.930901 110.903542 0000 0100
28.930901 110.928894 0000 0100
28.930901 110.928894 0000 0100
28.913002 110.928894 0000 0100
28.948799 110.954269 0000 0100
28.930901 110.928894 0000 0100
28.930901 110.928894 0000 0100
28.930901 110.928894 0000 0100
28.966702 110.928894 0000 0100
28.948799 110.903542 0000 0100
28.930901 110.903542 0000 0100
28.930901 110.903542 0000 0100
28.913002 110.928894 0000 0100
28.930901 110.928894 0000 0100
28.930901 110.903542 0000 0100
28.930901 110.928894 0000 0100
28.948799 110.928894 0000 0100
28.948799 110.928894 0000 0100
28.930901 110.903542 0000 0100
28.930901 110.928894 0000 0100
28.895100 110.928894 0000 0100
28.913002 110.954269 0000 0100
28.948799 110.954269 0000 0100
28.930901 110.928894 0000 0100
28.948799 110.928894 0000 0100
28.966702 110.903542 0000 0100
28.948799 110.903542 0000 0100
28.948799 110.903542 0000 0100
28.930901 110.903542 0000 0100
28.930901 110.928894 0000 0100
28.930901 110.928894 0000 0100
28.930901 110.928894 0000 0100
28.930901 110.928894 0000 0100
28.913002 110.954269 0000 0100
28.930901 110.928894 0000 0100
28.966702 110.928894 0000 0100
28.930901 110.903542 0000 0100
28.948799 110.928894 0000 0100
28.966702 110.903542 0000 0100
28.930901 110.903542 0000 0100
28.948799 110.928894 0000 0100
28.930901 110.903542 0000 0100
28.930901 110.928894 0000 0100
28.930901 110.928894 0000 0100
28.930901 110.928894 0000 0100
28.930901 110.928894 0000 0100
28.930901 110.928894 0000 0100
28.948799 110.928894 0000 0100
28.930901 110.903542 0000 0100
28.913002 110.928894 0000 0100
28.930901 110.954269 0000 0100
28.930901 110.928894 0000 0100
28.930901 110.928894 0000 0100
28.930901 110.928894 0000 0100
28.948799 110.928894 0000 0100
28.930901 110.903542 0000 0100
28.913002 110.928894 0000 0100
28.913002 110.954269 0000 0100
28.948799 110.928894 0000 0100
28.948799 110.903542 0000 0100
28.930901 110.903542 0000 0100
28.913002 110.928894 0000 0100
28.930901 110.954269 0000 0100
28.930901 110.928894 0000 0100
28.948799 110.928894 0000 0100
28.930901 110.903542 0000 0100
28.930901 110.928894 0000 0100
28.948799 110.928894 0000 0100
28.913002 110.928894 0000 0100
28.930901 110.954269 0000 0100
28.948799 110.928894 0000 0100
28.930901 110.928894 0000 0100
28.966702 110.903542 0000 0100
28.948799 110.903542 0000 0100
28.930901 110.903542 0000 0100
28.930901 110.928894 0000 0100
28.948799 110.928894 0000 0100
28.930901 110.928894 0000 0100
28.913002 110.928894 0000 0100
28.930901 110.928894 0000 0100
28.930901 110.928894 0000 0100
28.948799 110.928894 0000 0100
28.913002 110.928894 0000 0100
28.930901 110.954269 0000 0100
28.948799 110.954269 0000 0100
28.948799 110.903542 0000 0100
28.948799 110.903542 0000 0100
28.948799 110.928894 0000 0100
28.948799 110.903542 0000 0100
28.930901 110.903542 0000 0100
28.930901 110.928894 0000 0100
28.930901 110.928894 0000 0100
28.930901 110.928894 0000 0100
28.948799 110.928894 0000 0100
28.966702 110.903542 0000 0100
28.930901 110.878189 0000 0100
28.930901 110.903542 0000 0100
28.966702 110.903542 0000 0100
28.913002 110.903542 0000 0100
28.913002 110.954269 0000 0100
28.930901 110.954269 0000 0100
28.930901 110.928894 0000 0100
28.966702 110.903542 0000 0100
28.948799 110.903542 0000 0100
28.948799 110.928894 0000 0100
28.930901 110.928894 0000 0100
28.966702 110.928894 0000 0100
28.930901 110.903542 0000 0100
28.913002 110.928894 0000 0100
28.948799 110.954269 0000 0100
28.948799 110.903542 0000 0100
28.930901 110.903542 0000 0100
28.948799 110.903542 0000 0100
28.930901 110.903542 0000 0100
28.930901 110.903542 0000 0100
28.948799 110.903542 0000 0100
28.913002 110.903542 0000 0100
28.930901 110.954269 0000 0100
28.948799 110.928894 0000 0100
28.948799 110.903542 0000 0100
28.913002 110.903542 0000 0100
28.930901 110.954269 0000 0100
28.966702 110.928894 0000 0100
28.948799 110.903542 0000 0100
28.930901 110.928894 0000 0100
28.948799 110.928894 0000 0100
28.913002 110.928894 0000 0100
28.930901 110.928894 0000 0100
28.948799 110.928894 0000 0100
28.948799 110.903542 0000 0100
28.948799 110.903542 0000 0100
28.930901 110.903542 0000 0100
28.930901 110.928894 0000 0100
28.948799 110.903542 0000 0100
28.913002 110.928894 0000 0100
28.948799 110.954269 0000 0100
28.930901 110.903542 0000 0100
28.930901 110.928894 0000 0100
28.966702 110.903542 0000 0100
28.948799 110.903542 0000 0100
28.930901 110.903542 0000 0100
28.930901 110.928894 0000 0100
28.948799 110.903542 0000 0100
28.966702 110.903542 0000 0100
28.930901 110.903542 0000 0100
28.948799 110.903542 0000 0100
28.948799 110.903542 0000 0100
28.913002 110.928894 0000 0100
28.930901 110.928894 0000 0100
28.930901 110.928894 0000 0100
28.930901 110.928894 0000 0100
28.930901 110.928894 0000 0100
28.930901 110.903542 0000 0100
28.930901 110.928894 0000 0100
28.930901 110.928894 0000 0100
28.930901 110.928894 0000 0100
28.948799 110.928894 0000 0100
28.930901 110.903542 0000 0100
28.948799 110.928894 0000 0100
28.948799 110.903542 0000 0100
28.948799 110.903542 0000 0100
28.948799 110.903542 0000 0100
28.913002 110.903542 0000 0100
28.913002 110.954269 0000 0100
28.913002 110.954269 0000 0100
28.948799 110.954269 0000 0100
28.948799 110.903542 0000 0100
28.930901 110.903542 0000 0100
28.948799 110.928894 0000 0100
28.948799 110.928894 0000 0100
28.930901 110.928894 0000 0100
28.948799 110.928894 0000 0100
28.948799 110.903542 0000 0100
28.930901 110.903542 0000 0100
28.930901 110.928894 0000 0100
28.930901 110.928894 0000 0100
28.930901 110.928894 0000 0100
28.913002 110.928894 0000 0100
28.930901 110.928894 0000 0100
28.930901 110.928894 0000 0100
28.930901 110.903542 0000 0100
28.930901 110.928894 0000 0100
28.930901 110.903542 0000 0100
28.930901 110.928894 0000 0100
28.948799 110.928894 0000 0100
28.966702 110.903542 0000 0100
28.966702 110.903542 0000 0100
28.930901 110.903542 0000 0100
28.930901 110.928894 0000 0100
28.930901 110.928894 0000 0100
28.930901 110.928894 0000 0100
28.930901 110.928894 0000 0100
28.913002 110.903542 0000 0100
28.930901 110.954269 0000 0100
28.930901 110.928894 0000 0100
28.930901 110.928894 0000 0100
28.930901 110.928894 0000 0100
28.913002 110.928894 0000 0100
28.930901 110.928894 0000 0100
28.930901 110.928894 0000 0100
28.930901 110.928894 0000 0100
28.948799 110.928894 0000 0100
28.930901 110.903542 0000 0100
28.948799 110.928894 0000 0100
28.966702 110.903542 0000 0100
28.930901 110.903542 0000 0100
28.930901 110.928894 0000 0100
28.948799 110.954269 0000 0100
28.930901 110.903542 0000 0100
28.930901 110.928894 0000 0100
28.930901 110.903542 0000 0100
28.930901 110.928894 0000 0100
28.913002 110.903542 0000 0100
28.913002 110.954269 0000 0100
28.930901 110.954269 0000 0100
28.966702 110.928894 0000 0100
28.948799 110.903542 0000 0100
28.930901 110.903542 0000 0100
28.930901 110.928894 0000 0100
28.930901 110.928894 0000 0100
28.948799 110.928894 0000 0100
28.966702 110.903542 0000 0100
28.930901 110.903542 0000 0100
28.948799 110.928894 0000 0100
28.948799 110.903542 0000 0100
28.930901 110.903542 0000 0100
28.930901 110.928894 0000 0100
28.948799 110.928894 0000 0100
28.930901 110.928894 0000 0100
28.948799 110.928894 0000 0100
28.948799 110.903542 0000 0100
28.930901 110.903542 0000 0100
28.895100 110.928894 0000 0100
28.930901 110.954269 0000 0100
28.966702 110.928894 0000 0100
28.930901 110.903542 0000 0100
28.948799 110.928894 0000 0100
28.930901 110.903542 0000 0100
28.966702 110.928894 0000 0100
28.930901 110.903542 0000 0100
28.930901 110.928894 0000 0100
28.913002 110.903542 0000 0100
28.930901 110.928894 0000 0100
28.948799 110.928894 0000 0100
28.930901 110.903542 0000 0100
28.948799 110.928894 0000 0100
28.930901 110.903542 0000 0100
28.948799 110.928894 0000 0100
28.948799 110.903542 0000 0100
28.948799 110.903542 0000 0100
28.913002 110.903542 0000 0100
28.913002 110.928894 0000 0100
28.930901 110.954269 0000 0100
28.930901 110.928894 0000 0100
28.930901 110.928894 0000 0100
28.913002 110.928894 0000 0100
28.930901 110.954269 0000 0100
28.930901 110.954269 0000 0100
28.948799 110.928894 0000 0100
28.948799 110.903542 0000 0100
28.930901 110.903542 0000 0100
28.930901 110.928894 0000 0100
28.930901 110.928894 0000 0100
28.930901 110.928894 0000 0100
28.913002 110.928894 0000 0100
28.913002 110.928894 0000 0100
28.930901 110.954269 0000 0100
28.930901 110.928894 0000 0100
28.930901 110.928894 0000 0100
28.930901 110.903542 0000 0100
28.930901 110.928894 0000 0100
28.930901 110.928894 0000 0100
28.948799 110.954269 0000 0100
28.948799 110.903542 0000 0100
28.913002 110.903542 0000 0100
28.930901 110.954269 0000 0100
28.930901 110.928894 0000 0100
28.948799 110.928894 0000 0100
28.930901 110.903542 0000 0100
28.930901 110.928894 0000 0100
28.930901 110.928894 0000 0100
28.930901 110.928894 0000 0100
28.966702 110.928894 0000 0100
28.948799 110.903542 0000 0100
28.930901 110.903542 0000 0100
28.948799 110.928894 0000 0100
28.930901 110.903542 0000 0100
28.913002 110.903542 0000 0100
28.930901 110.954269 0000 0100
28.948799 110.954269 0000 0100
28.966702 110.903542 0000 0100
28.930901 110.903542 0000 0100
28.930901 110.928894 0000 0100
28.930901 110.928894 0000 0100
28.930901 110.928894 0000 0100
28.948799 110.928894 0000 0100
28.930901 110.903542 0000 0100
28.930901 110.928894 0000 0100
28.930901 110.928894 0000 0100
28.913002 110.928894 0000 0100
28.948799 110.954269 0000 0100
28.948799 110.903542 0000 0100
28.948799 110.903542 0000 0100
28.930901 110.903542 0000 0100
28.948799 110.928894 0000 0100
28.966702 110.903542 0000 0100
28.930901 110.903542 0000 0100
28.948799 110.903542 0000 0100
28.948799 110.903542 0000 0100
28.930901 110.903542 0000 0100
28.948799 110.928894 0000 0100
28.948799 110.928894 0000 0100
28.930901 110.903542 0000 0100
28.948799 110.928894 0000 0100
28.930901 110.903542 0000 0100
28.930901 110.928894 0000 0100
28.930901 110.928894 0000 0100
28.930901 110.928894 0000 0100
28.930901 110.903542 0000 0100
28.930901 110.928894 0000 0100
28.930901 110.928894 0000 0100
28.913002 110.903542 0000 0100
28.930901 110.928894 0000 0100
28.930901 110.928894 0000 0100
28.930901 110.928894 0000 0100
28.930901 110.928894 0000 0100
28.930901 110.928894 0000 0100
28.966702 110.928894 0000 0100
28.930901 110.903542 0000 0100
28.930901 110.928894 0000 0100
28.948799 110.903542 0000 0100
28.966702 110.903542 0000 0100
28.930901 110.903542 0000 0100
28.930901 110.928894 0000 0100
28.930901 110.928894 0000 0100
28.948799 110.954269 0000 0100
28.966702 110.928894 0000 0100
28.913002 110.903542 0000 0100
28.930901 110.928894 0000 0100
28.930901 110.928894 0000 0100
28.948799 110.928894 0000 0100
28.930901 110.903542 0000 0100
28.948799 110.903542 0000 0100
28.948799 110.928894 0000 0100
28.913002 110.903542 0000 0100
28.948799 110.954269 0000 0100
28.930901 110.903542 0000 0100
28.930901 110.928894 0000 0100
28.930901 110.903542 0000 0100
28.930901 110.928894 0000 0100
28.930901 110.903542 0000 0100
28.948799 110.928894 0000 0100
28.966702 110.903542 0000 0100
28.948799 110.903542 0000 0100
28.930901 110.903542 0000 0100
28.930901 110.903542 0000 0100
28.930901 110.928894 0000 0100
28.948799 110.903542 0000 0100
28.930901 110.903542 0000 0100
28.948799 110.928894 0000 0100
28.913002 110.903542 0000 0100
28.966702 110.954269 0000 0100
28.930901 110.903542 0000 0100
28.930901 110.928894 0000 0100
28.930901 110.928894 0000 0100
28.913002 110.928894 0000 0100
28.913002 110.954269 0000 0100
28.948799 110.928894 0000 0100
28.948799 110.903542 0000 0100
28.930901 110.903542 0000 0100
28.913002 110.928894 0000 0100
28.930901 110.954269 0000 0100
28.948799 110.928894 0000 0100
28.930901 110.903542 0000 0100
28.930901 110.928894 0000 0100
28.948799 110.928894 0000 0100
28.930901 110.928894 0000 0100
28.948799 110.928894 0000 0100
28.948799 110.903542 0000 0100
28.948799 110.928894 0000 0100
28.930901 110.903542 0000 0100
28.930901 110.928894 0000 0100
28.966702 110.928894 0000 0100
28.930901 110.903542 0000 0100
28.913002 110.928894 0000 0100
28.913002 110.954269 0000 0100
28.930901 110.954269 0000 0100
28.948799 110.928894 0000 0100
28.930901 110.903542 0000 0100
28.930901 110.928894 0000 0100
28.930901 110.928894 0000 0100
28.930901 110.928894 0000 0100
28.948799 110.928894 0000 0100
28.930901 110.903542 0000 0100
28.966702 110.928894 0000 0100
28.948799 110.903542 0000 0100
28.930901 110.928894 0000 0100
28.930901 110.928894 0000 0100
28.930901 110.903542 0000 0100
28.930901 110.928894 0000 0100
28.948799 110.928894 0000 0100
28.930901 110.903542 0000 0100
28.930901 110.928894 0000 0100
28.930901 110.928894 0000 0100
28.930901 110.954269 0000 0100
28.930901 110.954269 0000 0100
28.930901 110.928894 0000 0100
28.948799 110.928894 0000 0100
28.930901 110.903542 0000 0100
28.913002 110.928894 0000 0100
28.913002 110.954269 0000 0100
28.930901 110.954269 0000 0100
28.930901 110.928894 0000 0100
28.930901 110.928894 0000 0100
28.930901 110.928894 0000 0100
28.930901 110.928894 0000 0100
