电机对ican的接口：
ican2：：：m5-3*7-c10；m7-3*6-c9；m8-3*5-c8；m11-3*2-c5；m9-3*3-c6；m10-3*4-c7
ican1：：：m3-2*2-c1；m4-2*3-c2；m2-2*4-c3；m1-2*5-c4



钳流表检测电机id：3，4，2，1，5，7，8，11，9，10
2.4,3.6,2.8,8.3,4.9,0.63,0.96,0.41,1.75,0.8
电流检测接口：c3，c4，c2，c1，c5，c7，c8，c6，c9，c10
//250,180,210,650,220,70,300,20,220
650,210,250,180,220,20,70,220,300,220


=====
钳流表检测电机id：3，4，2，1，5，7，8，11，9，10
3.5,4.4,3.9,9.5,10.2,1.07,1.4,0.58,2.45,1.2
电流检测接口：c3，c4，c2，c1，c5，c7，c8，c6，c9，c10
//300,210,250,670,300,360,90,400,35,490
670,250,300,210,490,35,90,300,400,360
====

钳流表检测电机id：3，4，2，1，5，7，8，11，9，10
5.1,5.7,5.4,7.0,25.3,1.7,2.0,0.78,3.59,2.0
电流检测接口：c3，c4，c2，c1，c5，c7，c8，c6，c9，c10
//400,270,340,520,430,450,130,535,55,1220
520,340,400,270,1220,55,130,430,535,450
